164,90,107,164,10
13,19,111,13,107
75,105,125,75,179
145,105,144,145,88
136,36,162,136,69
125,108,74,125,50
50,60,168,50,7
0,160,108,0,99
6,125,191,6,172
174,180,33,174,143
48,55,29,48,157
185,20,88,185,78
139,77,58,139,76
190,181,112,190,168
1,51,101,1,138
10,187,170,10,11
174,64,160,174,21
79,120,127,79,140
172,100,35,172,178
120,112,182,120,88
57,130,182,57,46
177,55,182,177,189
160,182,44,160,144
52,0,70,52,42
21,119,38,21,197
194,42,169,194,64
104,166,84,104,51
168,195,187,168,172
126,88,124,126,52
80,102,108,80,131
106,102,163,106,50
124,40,77,124,39
79,120,127,79,107
87,134,189,87,58
135,84,127,135,66
72,27,4,72,9
139,77,58,139,61
114,26,11,114,144
102,132,136,102,152
149,29,26,149,151
130,35,39,130,70
3,130,198,3,187
154,136,119,154,63
99,117,47,99,26
94,31,27,94,77
176,55,181,176,40
32,40,61,32,155
112,5,75,112,99
117,26,95,117,200
21,123,200,21,193
117,98,113,117,121
160,182,44,160,77
48,111,54,48,127
160,78,125,160,163
133,104,148,133,51
113,148,55,113,75
192,0,29,192,32
112,17,48,112,139
100,123,198,100,169
3,130,198,3,1
194,125,193,194,31
89,47,179,89,5
72,169,54,72,60
64,57,41,64,70
102,132,136,102,25
170,59,103,170,64
6,194,152,6,182
28,139,71,28,23
80,131,9,80,111
121,169,109,121,131
197,139,121,197,160
62,126,169,62,121
88,124,104,88,150
91,37,62,91,147
128,140,13,128,159
180,165,141,180,169
50,60,168,50,47
50,69,65,50,136
53,92,133,53,194
7,52,112,7,2
127,96,69,127,164
24,70,33,24,66
175,123,74,175,53
12,80,128,12,30
74,20,93,74,198
83,9,66,83,142
8,174,15,8,96
69,184,198,69,158
118,28,196,118,149
48,55,29,48,60
113,149,52,113,73
34,99,183,34,91
10,187,170,10,23
50,174,88,50,25
59,30,179,59,101
171,62,164,171,173
42,52,160,42,152
49,148,34,49,70
119,51,116,119,70
200,90,118,200,120
74,132,66,74,1
183,169,161,183,57
133,104,148,133,45
8,174,15,8,163
178,17,157,178,131
170,79,19,170,35
124,198,65,124,166
10,187,170,10,107
196,172,103,196,100
91,133,44,91,47
185,87,54,185,22
71,170,90,71,87
34,99,183,34,81
1,200,156,1,12
106,59,191,106,23
127,77,124,127,187
33,59,180,33,91
89,30,36,89,81
155,10,179,155,145
104,120,197,104,50
179,73,19,179,17
110,18,117,110,160
176,79,182,176,155
15,42,154,15,136
112,5,75,112,163
13,19,111,13,24
49,55,99,49,23
8,174,15,8,92
74,20,93,74,63
119,51,116,119,184
43,182,93,43,46
70,174,57,70,70
5,73,24,5,66
58,152,163,58,160
136,25,198,136,126
43,50,186,43,172
111,38,199,111,141
140,174,185,140,0
80,131,9,80,15
139,77,58,139,186
107,161,24,107,169
133,104,148,133,47
45,53,180,45,88
61,159,137,61,35
40,97,99,40,185
182,96,35,182,14
110,47,13,110,144
32,166,193,32,148
94,149,65,94,50
45,53,180,45,32
61,159,137,61,125
72,27,4,72,61
120,112,182,120,9
126,7,14,126,55
67,147,80,67,71
126,128,74,126,180
92,24,12,92,127
90,197,96,90,195
127,77,124,127,113
145,105,144,145,33
47,7,171,47,24
68,140,194,68,10
70,174,57,70,167
151,116,111,151,119
152,18,176,152,54
163,98,98,163,63
139,102,54,139,190
62,126,169,62,180
31,129,119,31,171
192,166,137,192,166
176,79,182,176,97
41,75,200,41,163
131,119,150,131,108
105,159,36,105,137
127,77,124,127,167
167,191,56,167,45
97,122,153,97,155
118,28,196,118,43
85,192,167,85,51
70,16,34,70,61
185,180,86,185,139
185,87,54,185,163
75,30,100,75,133
166,83,147,166,45
69,184,198,69,177
128,140,13,128,196
49,70,31,49,14
132,79,34,132,46
58,66,22,58,31
28,112,67,28,16
164,132,162,164,47
90,197,96,90,95
131,119,150,131,62
176,100,58,176,37
198,65,62,198,57
93,28,101,93,179
69,27,196,69,183
81,170,183,81,120
198,65,62,198,140
106,59,191,106,190
107,47,16,107,131
200,14,117,200,45
126,7,14,126,171
135,132,78,135,106
198,65,62,198,93
5,73,24,5,83
49,148,34,49,123
52,149,85,52,8
59,30,179,59,172
170,79,19,170,160
94,149,65,94,40
79,161,155,79,61
200,90,118,200,34
80,44,14,80,41
78,65,98,78,70
194,184,74,194,7
118,72,25,118,169
95,113,133,95,106
94,121,99,94,159
191,143,145,191,27
198,65,62,198,10
24,187,131,24,136
199,53,132,199,82
172,156,184,172,93
24,70,33,24,64
37,27,114,37,21
143,24,26,143,104
81,170,183,81,169
182,96,35,182,110
112,5,75,112,89
156,13,34,156,167
21,119,38,21,101
0,58,191,0,83
50,60,168,50,51
135,132,78,135,166
67,147,80,67,135
29,2,132,29,122
12,93,143,12,11
51,179,129,51,143
142,199,174,142,145
166,192,128,166,76
107,161,24,107,67
179,73,19,179,148
89,30,36,89,199
44,97,177,44,196
198,65,62,198,87
177,54,122,177,133
82,19,92,82,89
107,47,16,107,200
104,141,152,104,31
145,105,144,145,37
188,165,200,188,189
45,53,180,45,140
73,155,97,73,172
34,99,183,34,91
186,72,94,186,58
76,35,157,76,11
40,121,93,40,100
181,107,173,181,137
135,84,127,135,16
131,171,177,131,138
129,147,52,129,125
113,148,55,113,97
64,30,176,64,16
181,43,34,181,1
194,184,74,194,179
9,130,21,9,42
197,126,142,197,164
200,90,118,200,141
125,108,74,125,109
74,20,93,74,41
89,115,29,89,119
28,121,25,28,71
113,148,55,113,193
52,95,135,52,94
182,160,36,182,52
47,175,20,47,89
53,60,46,53,118
165,191,44,165,58
90,197,96,90,123
32,40,61,32,162
121,83,109,121,25
28,112,67,28,23
112,2,73,112,18
52,95,135,52,167
112,5,75,112,176
1,172,29,1,25
116,167,143,116,159
50,60,168,50,31
132,79,34,132,4
35,146,103,35,81
197,5,124,197,171
174,135,83,174,134
74,132,66,74,161
96,79,153,96,11
67,129,130,67,75
108,117,5,108,155
145,105,144,145,55
73,38,133,73,13
101,124,102,101,133
132,79,34,132,122
191,143,145,191,141
83,122,108,83,175
13,19,111,13,62
109,0,24,109,19
192,0,29,192,58
139,102,54,139,63
20,135,28,20,156
145,105,144,145,146
2,14,60,2,168
186,115,75,186,40
136,12,133,136,134
18,160,65,18,16
4,100,20,4,148
157,198,108,157,159
163,187,187,163,123
68,94,56,68,34
108,58,145,108,45
100,30,110,100,26
79,161,155,79,38
35,191,65,35,155
34,99,183,34,99
29,95,127,29,49
180,165,141,180,25
66,115,131,66,7
160,182,44,160,164
92,24,12,92,42
145,170,1,145,54
122,75,194,122,24
7,172,76,7,121
104,120,197,104,155
103,164,156,103,34
144,21,44,144,175
15,142,65,15,13
161,142,186,161,116
117,26,107,117,193
130,35,39,130,134
81,176,17,81,46
97,32,154,97,152
193,60,200,193,169
102,16,142,102,101
36,48,131,36,24
61,96,9,61,72
118,28,196,118,180
62,32,186,62,161
11,76,48,11,89
160,182,44,160,89
58,152,163,58,64
57,101,28,57,92
35,146,103,35,47
76,143,152,76,27
172,156,184,172,181
91,37,62,91,14
26,182,121,26,38
102,132,136,102,39
126,7,14,126,186
101,135,141,101,173
136,12,133,136,78
157,102,85,157,163
113,185,142,113,32
2,14,60,2,158
196,172,103,196,28
57,101,28,57,51
2,17,5,2,101
160,78,125,160,51
101,72,185,101,197
9,130,21,9,181
168,161,147,168,81
169,88,189,169,38
9,130,21,9,150
18,160,65,18,85
121,83,109,121,175
93,161,193,93,28
78,65,98,78,198
7,172,76,7,161
170,59,103,170,22
93,161,193,93,26
73,68,26,73,46
196,122,1,196,138
147,45,118,147,87
9,75,114,9,140
12,18,57,12,137
104,166,84,104,159
182,160,36,182,115
41,75,200,41,82
108,129,102,108,8
173,194,157,173,157
156,139,129,156,83
190,181,112,190,197
6,125,191,6,77
54,182,75,54,153
95,106,191,95,129
28,121,25,28,72
109,56,173,109,74
76,143,152,76,178
113,149,52,113,34
91,37,62,91,54
131,119,150,131,124
41,67,189,41,27
118,130,154,118,79
146,109,149,146,181
170,59,103,170,10
111,23,33,111,170
177,77,63,177,19
33,77,61,33,154
7,8,67,7,159
198,65,62,198,148
15,155,145,15,13
179,168,64,179,185
5,23,86,5,113
89,150,164,89,48
158,59,28,158,150
134,170,143,134,152
20,3,173,20,31
168,161,32,168,125
127,96,69,127,152
176,55,181,176,24
136,26,44,136,96
189,162,79,189,34
163,82,38,163,152
152,18,176,152,101
111,42,1,111,40
90,114,10,90,63
31,129,119,31,25
66,115,131,66,135
41,79,87,41,198
91,133,44,91,113
179,73,19,179,184
129,147,107,129,121
166,83,147,166,117
198,200,129,198,18
121,83,109,121,150
16,2,103,16,170
160,182,44,160,144
110,47,13,110,20
157,29,132,157,2
56,196,152,56,68
109,56,173,109,83
63,187,98,63,166
79,161,155,79,3
144,21,44,144,181
52,133,135,52,176
147,147,111,147,196
179,168,64,179,148
128,140,13,128,102
60,197,31,60,169
3,130,198,3,160
172,196,200,172,186
15,20,156,15,165
107,31,150,107,27
144,0,175,144,85
21,97,9,21,85
146,151,55,146,133
195,146,52,195,134
187,106,107,187,198
194,184,74,194,44
25,172,11,25,176
176,79,182,176,124
77,87,58,77,114
104,120,197,104,79
88,51,188,88,129
77,87,58,77,92
22,7,195,22,138
1,172,29,1,74
195,146,52,195,85
132,120,150,132,194
19,86,32,19,107
49,70,31,49,29
171,8,190,171,135
161,147,14,161,187
165,191,44,165,68
162,4,38,162,174
110,18,117,110,147
89,115,29,89,164
102,16,142,102,78
199,18,155,199,63
78,65,98,78,82
58,19,181,58,149
200,14,117,200,96
101,72,185,101,66
143,3,154,143,169
147,45,118,147,129
161,147,14,161,176
40,139,144,40,37
91,33,74,91,190
117,180,71,117,174
77,140,168,77,150
70,16,34,70,29
139,77,58,139,151
51,46,190,51,23
173,109,200,173,9
200,90,118,200,9
129,185,13,129,31
164,90,107,164,197
140,187,76,140,59
8,174,15,8,114
111,51,92,111,110
41,75,200,41,145
26,182,121,26,190
200,14,117,200,28
190,162,153,190,79
17,198,71,17,140
37,101,56,37,16
23,46,105,23,85
27,180,184,27,26
9,75,114,9,200
29,152,187,29,46
154,157,33,154,93
95,13,184,95,125
61,10,170,61,127
116,167,143,116,79
146,149,174,146,21
21,123,200,21,70
187,75,179,187,157
170,176,98,170,32
54,179,112,54,149
147,176,41,147,70
73,165,91,73,34
33,121,54,33,102
103,139,4,103,56
54,182,75,54,123
66,58,80,66,138
16,189,125,16,63
96,79,153,96,43
21,123,200,21,140
37,144,93,37,169
160,182,44,160,90
144,21,44,144,34
50,60,168,50,158
173,134,111,173,161
16,75,70,16,70
19,86,32,19,113
157,148,100,157,73
47,175,20,47,121
51,179,129,51,26
46,52,146,46,168
182,160,36,182,177
80,131,9,80,153
188,165,200,188,28
69,27,196,69,75
75,14,187,75,35
44,141,17,44,184
123,146,107,123,8
174,64,160,174,118
117,26,95,117,28
140,174,185,140,72
69,184,198,69,184
100,65,112,100,42
160,182,44,160,41
40,121,93,40,54
33,81,178,33,197
153,197,167,153,19
54,182,75,54,148
4,159,107,4,89
182,160,36,182,71
104,120,197,104,189
61,165,21,61,122
106,102,163,106,38
129,43,104,129,32
152,18,176,152,0
121,83,109,121,71
138,109,142,138,26
41,79,87,41,13
32,65,182,32,147
154,108,178,154,87
15,120,130,15,107
91,133,44,91,182
130,35,39,130,158
141,43,115,141,148
137,99,22,137,14
137,35,132,137,84
33,81,178,33,107
163,69,81,163,195
143,24,26,143,144
85,163,113,85,40
15,20,156,15,138
8,174,15,8,39
121,129,171,121,117
4,159,107,4,90
1,19,37,1,115
68,195,142,68,145
133,197,86,133,49
160,112,115,160,51
103,164,156,103,165
10,160,162,10,26
107,161,24,107,89
141,43,115,141,50
97,122,153,97,9
96,66,200,96,103
25,172,11,25,92
50,69,65,50,156
121,129,171,121,17
159,83,200,159,139
109,187,48,109,148
50,86,98,50,21
175,123,74,175,165
199,63,76,199,155
61,159,137,61,32
54,182,75,54,89
112,57,79,112,45
116,167,143,116,154
97,32,154,97,93
136,12,133,136,155
79,161,155,79,61
131,179,162,131,9
74,132,66,74,78
100,123,198,100,175
69,184,198,69,92
197,139,121,197,115
53,60,46,53,173
88,183,169,88,93
25,195,86,25,28
182,160,36,182,172
38,103,126,38,183
16,189,125,16,106
36,48,131,36,174
80,131,9,80,45
2,14,60,2,184
193,19,12,193,116
170,79,19,170,65
13,19,111,13,193
129,43,104,129,179
194,184,74,194,136
69,184,198,69,93
21,97,9,21,114
91,133,44,91,6
176,100,58,176,153
162,4,38,162,49
155,10,179,155,109
79,39,28,79,73
98,132,187,98,35
156,0,64,156,64
114,75,83,114,173
95,13,184,95,57
78,93,37,78,187
196,172,103,196,123
0,49,176,0,75
49,55,99,49,0
144,0,175,144,198
138,162,164,138,166
166,192,128,166,162
148,3,108,148,69
57,101,28,57,81
8,174,15,8,5
123,146,107,123,189
168,3,50,168,103
57,101,28,57,153
32,166,193,32,192
132,120,150,132,17
161,142,186,161,8
119,188,71,119,148
38,110,50,38,197
167,191,56,167,116
30,146,37,30,18
181,170,162,181,172
29,155,186,29,77
59,30,179,59,139
25,195,86,25,122
185,35,118,185,43
7,172,76,7,100
1,51,101,1,6
192,0,29,192,85
81,170,183,81,192
91,37,62,91,129
5,119,15,5,193
135,121,50,135,4
46,52,146,46,175
76,143,152,76,188
146,151,55,146,143
126,7,14,126,169
130,43,59,130,111
29,2,132,29,62
139,52,198,139,63
113,149,52,113,182
103,164,156,103,7
130,21,200,130,68
69,27,196,69,59
192,54,45,192,87
69,33,198,69,160
12,80,128,12,21
144,0,175,144,19
171,134,28,171,62
29,95,127,29,169
168,161,147,168,11
137,54,102,137,102
72,158,39,72,72
185,87,54,185,100
29,152,187,29,145
97,32,154,97,104
149,29,26,149,191
32,40,61,32,133
151,163,18,151,14
9,130,21,9,173
89,51,186,89,94
138,128,68,138,28
6,125,191,6,39
88,124,104,88,117
124,40,77,124,41
66,17,76,66,128
173,107,171,173,29
143,24,26,143,35
175,123,74,175,140
70,174,57,70,35
181,170,162,181,67
50,156,19,50,177
46,52,146,46,155
185,88,3,185,197
62,32,186,62,130
27,53,16,27,36
167,152,22,167,115
165,191,44,165,178
59,146,182,59,132
149,29,26,149,96
85,77,62,85,161
36,48,131,36,192
29,26,18,29,163
10,187,170,10,49
101,72,185,101,55
89,30,36,89,92
132,129,139,132,142
21,160,80,21,123
123,146,107,123,143
154,108,178,154,88
103,94,167,103,34
190,181,112,190,155
50,60,168,50,130
89,150,164,89,118
196,122,1,196,67
13,19,111,13,106
159,125,120,159,57
25,172,11,25,64
181,170,162,181,108
118,72,25,118,17
87,116,61,87,185
198,65,62,198,95
3,130,198,3,44
42,158,111,42,11
133,189,187,133,88
87,165,200,87,73
3,130,198,3,157
129,147,52,129,195
134,163,2,134,64
166,192,128,166,34
24,178,40,24,137
98,132,187,98,115
25,172,11,25,191
60,45,173,60,172
137,35,132,137,165
6,30,25,6,68
154,101,114,154,178
82,19,92,82,111
96,197,174,96,65
188,99,157,188,135
164,132,162,164,54
67,91,10,67,148
130,0,7,130,73
181,43,34,181,143
3,130,198,3,121
88,51,188,88,104
101,72,185,101,113
87,116,61,87,6
170,79,19,170,45
127,77,124,127,117
13,19,111,13,145
21,123,200,21,30
124,50,130,124,175
113,149,52,113,112
142,199,174,142,52
13,19,111,13,84
51,177,60,51,30
89,150,164,89,59
192,0,29,192,5
142,199,174,142,188
175,123,74,175,184
22,7,195,22,171
92,24,12,92,58
17,79,142,17,105
12,80,128,12,168
129,147,52,129,63
114,62,155,114,190
12,34,172,12,57
177,77,63,177,94
66,17,76,66,101
73,132,60,73,70
27,180,184,27,174
78,93,37,78,59
37,101,56,37,14
7,8,67,7,70
61,142,195,61,136
53,198,52,53,0
11,14,191,11,55
164,132,162,164,139
129,185,13,129,195
130,35,39,130,54
43,23,154,43,137
89,47,179,89,113
163,82,38,163,4
138,28,112,138,55
124,56,185,124,75
112,38,124,112,10
75,191,192,75,111
41,67,189,41,99
100,123,198,100,180
117,98,113,117,28
104,84,88,104,40
118,17,137,118,114
175,123,74,175,84
3,130,198,3,16
69,184,198,69,25
82,71,52,82,86
71,133,44,71,85
149,29,26,149,65
87,116,61,87,73
135,121,50,135,65
47,47,73,47,109
11,14,191,11,100
38,136,5,38,10
82,12,128,82,2
76,143,152,76,145
25,195,86,25,144
118,72,25,118,158
161,147,14,161,179
99,22,161,99,160
181,43,34,181,16
189,178,101,189,82
125,109,112,125,115
112,57,79,112,91
188,165,200,188,42
51,179,129,51,48
