29,95,127,64,113,139
118,72,25,181,128,129
135,41,71,147,45,118
5,119,15,81,1,195
63,103,107,75,191,192
106,39,42,133,197,18
18,160,65,171,8,190
54,179,112,157,148,100
22,148,27,29,95,127
97,183,184,118,72,25
28,191,12,156,73,158
35,191,65,135,41,71
132,79,34,156,61,151
0,49,176,5,119,15
0,135,109,63,103,107
155,105,156,173,194,157
22,38,169,106,39,42
10,61,132,18,160,65
130,35,39,200,90,118
15,42,154,189,174,125
15,185,85,54,179,112
19,177,22,58,81,180
137,184,96,145,170,1
12,93,143,90,197,96
153,197,167,195,168,43
79,160,133,155,178,30
87,116,61,167,152,22
33,77,61,73,106,143
51,179,129,93,161,193
114,91,134,128,106,198
7,8,67,176,55,181
33,115,152,92,189,109
14,67,93,22,148,27
27,95,163,97,183,184
9,75,114,28,191,12
0,47,120,35,191,65
96,72,166,132,79,34
102,22,152,185,180,86
81,176,17,88,51,188
22,147,75,63,178,107
1,172,29,53,165,73
47,47,73,59,30,179
38,103,126,137,172,169
82,62,142,108,133,197
58,80,32,72,17,68
27,13,34,89,150,164
35,110,90,43,50,186
66,17,76,157,142,126
1,75,77,80,44,14
31,139,69,49,183,98
58,33,125,134,22,36
134,170,143,158,59,28
146,151,55,187,182,186
30,110,98,113,148,55
113,121,149,150,179,197
12,18,57,52,95,135
10,160,162,32,40,61
32,166,193,40,121,93
154,196,7,200,96,35
26,182,121,60,197,31
5,53,197,123,42,72
138,128,68,199,190,133
40,139,144,91,133,44
22,33,99,50,86,98
112,108,46,117,26,107
16,189,125,20,128,42
27,116,118,126,88,124
1,68,31,167,67,124
10,39,88,19,179,50
158,86,57,188,165,200
80,102,108,83,9,66
21,119,38,61,165,21
31,118,139,54,104,72
51,46,190,59,21,128
14,138,44,50,36,179
48,111,54,89,199,148
26,117,107,108,125,95
123,116,1,155,106,47
93,83,115,123,0,96
109,56,173,159,173,81
20,3,173,129,185,13
4,100,20,19,102,41
63,187,98,66,58,80
46,52,146,126,32,62
29,152,187,33,81,178
19,157,171,156,139,129
75,30,100,160,112,115
93,17,138,177,77,63
64,113,139,123,75,16
81,1,195,93,98,76
64,113,139,155,105,156
5,119,15,22,38,169
63,103,107,189,67,160
106,39,42,131,119,150
18,160,65,95,113,133
22,148,27,47,175,20
0,49,176,10,61,132
123,75,16,130,35,39
0,135,109,15,42,154
22,38,169,137,74,99
131,119,150,161,147,14
47,175,20,79,39,28
10,61,132,82,71,52
15,42,154,96,197,174
137,74,99,189,0,70
12,93,143,15,185,85
153,197,167,197,139,121
79,160,133,104,84,88
7,8,67,19,177,22
33,115,152,137,184,96
43,23,154,103,164,156
9,75,114,12,93,143
104,141,152,153,197,167
0,47,120,79,160,133
81,176,17,87,116,61
105,159,36,178,171,197
139,77,58,156,188,119
22,147,75,33,77,61
1,172,29,51,179,129
96,19,165,130,21,200
59,125,72,114,91,134
1,75,77,7,8,67
31,139,69,150,79,84
58,33,125,193,19,12
134,170,143,163,69,81
30,110,98,33,115,152
113,121,149,193,8,15
12,18,57,43,23,154
10,160,162,167,163,127
32,166,193,157,45,134
26,182,121,59,157,16
123,60,92,199,120,90
5,53,197,27,195,61
95,148,186,107,47,16
40,139,144,73,68,26
88,183,169,133,142,152
130,0,7,156,198,52
22,33,99,57,101,28
27,51,112,53,60,46
16,189,125,124,40,77
27,116,118,110,47,13
1,68,31,14,67,93
53,172,32,123,76,174
10,39,88,27,95,163
21,119,38,71,133,44
31,118,139,50,98,158
74,132,66,168,161,147
51,46,190,58,66,22
67,128,43,163,133,113
56,196,152,59,107,199
84,43,41,130,131,168
14,138,44,67,91,10
89,47,179,94,121,99
117,26,95,199,123,91
48,111,54,135,121,50
124,198,65,194,125,193
26,117,107,37,27,114
123,116,1,129,62,44
137,68,150,199,162,135
20,3,173,58,165,183
56,129,102,171,62,164
25,195,86,35,146,103
114,26,11,173,190,151
4,100,20,9,75,114
63,187,98,164,90,107
46,52,146,104,141,152
163,82,38,172,196,200
29,152,187,108,82,19
64,113,139,96,72,166
81,1,195,102,22,152
75,191,192,188,99,157
133,197,18,150,85,108
171,8,190,174,64,160
29,95,127,81,176,17
5,119,15,105,159,36
63,103,107,139,77,58
106,39,42,168,143,117
18,160,65,158,102,169
54,179,112,136,26,44
58,81,180,112,5,75
20,128,42,22,147,75
19,179,50,87,140,196
83,9,66,84,101,57
61,165,21,174,36,23
54,104,72,192,0,29
59,21,128,191,143,145
0,49,176,1,172,29
93,98,76,96,19,165
0,135,109,59,125,72
155,105,156,165,191,44
22,38,169,47,47,73
131,119,150,187,148,67
95,113,133,176,100,58
10,61,132,38,103,126
15,42,154,82,62,142
15,185,85,58,80,32
104,84,88,181,107,173
19,177,22,27,13,34
103,164,156,112,17,48
12,93,143,96,4,181
33,77,61,35,110,90
51,179,129,197,5,124
130,21,200,197,56,113
7,8,67,66,17,76
0,47,120,1,75,77
96,72,166,187,144,192
22,147,75,31,139,69
1,172,29,58,33,125
96,19,165,134,170,143
59,125,72,146,151,55
27,13,34,30,110,98
112,17,48,113,121,149
96,4,181,150,178,176
35,110,90,79,120,127
66,17,76,163,153,191
1,75,77,87,134,189
31,139,69,172,100,35
58,33,125,60,10,29
10,160,162,12,18,57
5,53,197,10,160,162
22,33,99,32,166,193
112,108,46,154,196,7
146,150,169,156,13,34
108,148,137,118,17,137
64,30,176,87,24,40
27,51,112,68,140,194
16,189,125,26,182,121
27,116,118,123,60,92
1,68,31,5,53,197
53,172,32,138,128,68
30,76,175,95,148,186
10,39,88,40,139,144
158,86,57,166,192,128
103,74,82,137,54,102
80,102,108,88,183,169
21,119,38,161,77,189
31,118,139,130,0,7
14,138,44,22,33,99
89,47,179,112,108,46
117,26,95,146,150,169
48,111,54,108,148,137
124,198,65,140,187,76
26,117,107,64,30,176
123,116,1,138,108,120
20,3,173,27,51,112
4,100,20,16,189,125
19,157,171,27,116,118
0,58,191,1,68,31
159,133,115,160,163,186
27,180,184,53,172,32
146,109,149,170,79,19
82,36,40,131,28,184
114,77,152,187,82,24
12,27,7,30,76,175
18,116,47,173,107,171
29,195,112,84,139,95
55,124,50,111,38,199
45,53,180,84,36,45
57,179,24,72,158,39
91,33,74,174,135,83
170,59,103,195,146,52
7,154,116,10,39,88
132,80,98,158,86,57
37,144,93,103,74,82
50,60,168,80,102,108
2,7,57,21,119,38
30,146,37,31,118,139
177,55,182,194,42,169
163,11,130,172,100,92
84,151,45,199,164,176
59,8,148,180,165,141
20,135,28,74,132,66
1,97,158,119,188,71
131,171,177,133,33,179
55,87,105,78,65,98
130,43,59,162,4,38
15,142,65,51,46,190
14,41,81,67,128,43
24,178,40,122,75,194
28,112,67,183,169,161
15,145,160,157,29,132
49,55,99,64,4,76
121,168,65,176,164,133
63,116,10,185,87,54
11,146,94,56,196,152
15,117,133,84,43,41
58,8,73,142,199,174
98,132,187,150,105,28
7,129,143,14,138,44
60,56,9,89,47,179
53,147,86,117,26,95
41,79,87,48,111,54
42,52,160,124,198,65
1,168,28,26,117,107
6,194,152,123,116,1
63,65,102,137,68,150
26,101,196,93,83,115
43,104,20,109,56,173
91,65,114,195,170,32
105,170,166,167,125,156
3,130,198,154,22,12
59,112,181,165,34,86
11,8,174,20,3,173
51,177,60,56,129,102
114,75,83,186,115,75
2,145,116,96,79,153
95,13,184,150,141,20
5,73,24,25,195,86
113,178,109,114,26,11
110,18,117,192,69,150
13,77,102,58,19,181
121,89,42,183,22,42
15,155,145,185,35,118
53,5,187,189,162,79
81,170,183,107,161,24
43,167,197,116,167,143
3,9,9,4,100,20
43,94,92,63,187,98
129,147,52,190,181,112
47,7,171,131,149,42
113,185,142,127,77,124
37,142,71,46,52,146
93,62,90,163,82,38
28,155,33,29,152,187
1,200,156,19,157,171
32,65,182,75,30,100
22,7,195,93,17,138
87,165,200,146,149,174
66,144,127,93,53,85
27,181,100,106,102,163
23,178,67,53,55,171
71,105,58,93,55,7
18,3,142,48,102,4
16,75,70,23,46,105
26,114,164,32,191,125
89,115,29,143,24,26
4,159,107,17,79,142
43,131,189,168,161,32
1,19,37,2,17,5
40,140,100,197,183,141
18,180,145,32,117,47
0,160,108,197,20,49
2,14,60,35,84,133
91,37,62,95,156,127
75,84,32,152,18,176
2,84,21,106,71,138
42,8,104,58,146,121
77,140,168,146,47,138
50,26,106,104,166,84
52,149,85,73,132,60
29,155,186,69,27,196
29,82,85,152,100,140
62,197,67,97,32,154
68,195,142,99,22,161
24,70,33,138,28,112
0,97,129,62,126,169
12,34,172,32,2,192
15,120,130,29,112,140
60,91,118,82,7,18
1,102,171,114,136,160
41,75,200,71,170,90
21,97,9,163,98,98
41,43,200,111,42,1
58,152,163,115,153,64
188,37,134,190,130,194
62,105,98,197,89,5
133,197,86,157,198,108
7,132,180,108,9,140
12,160,156,23,35,87
58,128,80,68,8,26
70,54,180,125,108,74
49,70,31,51,200,124
43,182,93,61,142,195
110,85,176,162,101,40
94,5,62,123,144,196
5,23,86,130,42,33
47,62,67,72,169,54
55,131,84,160,78,125
28,121,25,89,182,179
10,187,170,25,116,125
6,145,63,38,110,50
50,174,88,190,62,41
57,105,196,105,180,3
160,145,135,180,172,166
0,49,176,2,19,139
0,135,109,55,126,169
22,38,169,75,14,187
131,119,150,176,87,180
47,175,20,57,77,92
10,61,132,141,43,115
15,42,154,83,122,108
79,39,28,118,130,154
15,185,85,53,198,52
19,177,22,67,129,130
137,184,96,159,3,105
12,93,143,59,146,182
33,77,61,43,183,189
51,179,129,135,84,127
7,8,67,52,108,164
150,79,84,191,64,19
163,69,81,168,195,187
33,115,152,119,98,133
43,23,154,58,163,160
59,157,16,61,183,115
27,195,61,183,37,79
107,47,16,124,56,185
57,101,28,64,57,41
14,67,93,52,83,167
123,76,174,154,157,33
27,95,163,150,198,112
71,133,44,157,8,180
50,98,158,151,163,18
168,161,147,196,122,1
58,66,22,73,96,23
9,75,114,11,14,191
0,47,120,14,77,145
96,72,166,192,54,45
102,22,152,152,102,135
81,176,17,90,114,10
22,147,75,62,82,20
1,172,29,13,19,111
96,19,165,102,132,136
59,125,72,102,48,155
47,47,73,48,50,117
1,75,77,7,172,76
31,139,69,46,39,188
58,33,125,138,21,109
134,170,143,143,198,44
30,110,98,87,144,74
113,121,149,139,102,54
79,120,127,87,79,144
60,10,29,85,163,113
12,18,57,129,43,104
10,160,162,18,191,170
32,166,193,187,106,107
118,17,137,130,144,194
87,24,40,200,14,117
68,140,194,195,149,127
26,182,121,109,0,24
123,60,92,186,157,65
5,53,197,87,58,22
1,68,31,11,111,103
160,163,186,197,81,175
53,172,32,60,4,73
30,76,175,69,33,198
84,139,95,171,70,108
72,158,39,83,63,142
10,39,88,167,191,56
158,86,57,168,33,75
103,74,82,173,109,200
21,119,38,46,40,151
31,118,139,93,23,16
51,46,190,63,69,45
67,128,43,120,112,182
64,4,76,67,172,72
56,196,152,103,143,131
84,43,41,181,43,34
14,138,44,125,142,130
48,111,54,89,114,161
26,117,107,100,123,198
123,116,1,137,99,22
20,3,173,40,37,54
56,129,102,147,176,41
4,100,20,19,124,39
63,187,98,197,3,93
29,152,187,33,59,180
19,157,171,108,117,5
2,17,5,5,188,188
32,117,47,132,120,150
35,84,133,101,72,185
95,156,127,97,122,153
106,71,138,108,188,43
58,146,121,176,75,18
146,47,138,179,73,19
73,132,60,96,66,200
69,27,196,183,97,172
97,32,154,105,106,154
2,19,139,21,123,200
55,126,169,90,6,80
75,14,187,177,101,139
11,14,191,13,156,144
14,77,145,125,82,57
90,114,10,107,85,159
62,82,20,147,15,125
5,188,188,6,125,191
21,123,200,80,41,183
90,6,80,92,90,184
13,156,144,16,115,98
107,85,159,120,174,67
147,15,125,167,138,117
6,125,191,115,182,14
80,41,183,120,152,114
92,90,184,175,123,74
16,115,98,186,75,6
15,20,156,77,87,58
61,128,13,185,88,3
2,159,9,15,20,156
36,48,131,61,128,13
122,107,12,180,41,48
16,54,88,135,26,199
87,12,64,99,18,140
26,76,143,174,180,33
29,26,18,140,174,185
61,96,9,174,18,117
14,7,105,93,196,63
1,51,101,2,159,9
52,133,135,65,5,192
12,80,128,112,38,124
6,59,33,36,48,131
16,2,103,122,107,12
153,161,177,174,80,132
0,58,191,16,54,88
107,39,39,129,147,107
27,180,184,87,12,64
12,27,7,26,76,143
18,116,47,29,26,18
29,195,112,61,96,9
55,124,50,106,99,118
7,154,116,14,7,105
37,144,93,73,165,91
2,7,57,23,183,60
30,146,37,159,125,120
1,97,158,4,77,1
131,171,177,139,29,106
15,142,65,31,129,119
97,191,157,116,57,87
135,132,78,144,21,44
73,155,97,107,31,150
14,41,81,197,128,26
24,178,40,133,104,148
28,112,67,117,98,113
15,145,160,44,141,17
0,160,108,1,51,101
42,117,184,52,133,135
119,198,140,162,146,23
50,161,56,132,184,119
125,109,112,154,19,64
113,149,52,121,83,109
2,14,60,12,80,128
2,84,21,6,59,33
42,8,104,186,73,119
77,140,168,173,88,192
0,97,129,16,2,103
82,19,92,153,161,177
12,34,172,200,109,43
15,120,130,132,159,61
1,102,171,57,130,182
41,75,200,116,147,8
21,97,9,58,122,141
130,96,62,178,100,22
41,43,200,73,151,133
58,152,163,119,163,26
64,113,139,159,133,115
81,1,195,107,39,39
75,191,192,126,7,14
5,119,15,27,180,184
63,103,107,146,109,149
18,160,65,82,36,40
54,179,112,114,77,152
58,81,180,59,140,158
145,170,1,163,187,187
90,197,96,199,63,76
73,106,143,94,149,65
22,148,27,33,121,54
28,191,12,38,136,5
35,191,65,94,194,164
88,51,188,122,1,191
63,178,107,70,174,57
53,165,73,109,59,121
59,30,179,128,199,85
32,40,61,43,194,22
40,121,93,66,115,131
50,86,98,58,35,18
0,49,176,12,27,7
0,135,109,18,116,47
22,38,169,29,195,112
47,175,20,55,124,50
10,61,132,115,116,4
130,35,39,156,138,194
15,42,154,45,53,180
15,185,85,57,179,24
19,177,22,91,33,74
137,184,96,170,59,103
0,47,120,7,154,116
96,72,166,132,80,98
22,147,75,37,144,93
1,172,29,50,60,168
59,125,72,63,98,97
47,47,73,87,112,153
1,75,77,2,7,57
12,18,57,30,146,37
10,160,162,177,55,182
32,166,193,194,184,74
154,196,7,163,11,130
68,140,194,84,151,45
26,182,121,59,8,148
5,53,197,20,135,28
0,58,191,1,97,158
107,39,39,131,171,177
126,7,14,146,79,149
27,180,184,55,87,105
82,36,40,130,43,59
12,27,7,15,142,65
18,116,47,117,180,71
29,195,112,97,191,157
55,124,50,135,132,78
45,53,180,73,155,97
7,154,116,14,41,81
2,7,57,24,178,40
20,135,28,28,112,67
1,97,158,15,145,160
15,142,65,49,55,99
117,180,71,121,168,65
14,41,81,63,116,10
24,178,40,68,94,56
28,112,67,103,139,4
7,129,143,11,146,94
60,56,9,89,30,36
1,168,28,15,117,133
6,194,152,58,8,73
63,65,102,179,192,110
26,101,196,98,132,187
43,104,20,180,71,93
91,65,114,140,169,157
3,130,198,93,154,3
59,112,181,134,177,82
108,58,145,132,129,139
25,172,11,119,162,100
11,8,174,20,158,170
116,170,149,167,103,70
136,12,133,156,0,64
67,147,80,153,70,138
187,75,179,189,178,101
2,145,116,7,129,143
5,73,24,60,56,9
113,178,109,138,109,142
13,77,102,53,147,86
15,155,145,41,79,87
4,119,40,42,52,160
67,111,160,73,46,178
107,38,161,122,36,51
63,50,74,107,171,147
21,160,80,147,147,111
134,42,108,153,125,36
66,127,12,198,65,62
103,1,2,107,168,113
126,114,168,146,24,174
60,45,173,120,21,101
8,174,15,42,184,182
137,35,132,173,134,111
42,158,111,55,13,100
0,160,108,1,168,28
42,117,184,163,1,112
2,14,60,6,194,152
2,84,21,63,65,102
24,70,33,26,101,196
0,97,129,43,104,20
82,19,92,91,65,114
12,34,172,105,170,166
1,102,171,3,130,198
41,75,200,59,112,181
21,97,9,108,58,145
130,96,62,192,166,137
7,132,180,25,172,11
156,126,52,193,60,200
79,161,155,128,3,180
63,49,148,170,173,159
12,160,156,101,135,141
5,23,86,11,8,174
47,62,67,116,170,149
55,131,84,136,12,133
113,11,174,168,142,46
28,121,25,67,147,80
167,89,146,187,75,179
143,199,166,180,125,112
50,156,19,172,132,74
138,162,164,169,88,189
58,194,19,116,120,39
70,104,191,75,105,125
48,15,144,111,23,33
37,101,56,100,30,110
10,187,170,61,159,137
43,8,133,72,27,4
6,145,63,51,177,60
50,174,88,114,75,83
57,105,196,111,140,85
64,113,139,95,13,184
181,128,129,182,160,36
147,45,118,167,151,69
81,1,195,89,92,87
75,191,192,100,61,80
29,95,127,88,124,104
0,49,176,5,73,24
93,98,76,113,178,109
0,135,109,110,18,117
10,61,132,13,77,102
130,35,39,186,129,12
15,42,154,189,107,36
79,39,28,121,89,42
12,93,143,15,155,145
33,77,61,53,5,187
51,179,129,145,105,144
130,21,200,141,61,1
7,8,67,81,170,183
150,79,84,192,57,113
33,115,152,43,167,197
0,47,120,4,119,40
22,147,75,67,111,160
87,140,196,126,128,74
84,101,57,130,43,158
1,172,29,107,38,161
96,19,165,145,62,141
59,125,72,63,50,74
1,75,77,21,160,80
31,139,69,134,42,108
58,33,125,66,127,12
134,170,143,166,83,147
30,110,98,103,1,2
113,121,149,126,114,168
79,120,127,141,148,29
87,134,189,138,13,44
172,100,35,198,200,129
12,18,57,60,45,173
10,160,162,98,88,175
5,53,197,8,174,15
95,148,186,137,35,132
40,139,144,120,141,65
137,54,102,159,109,131
88,183,169,174,45,7
22,33,99,42,158,111
112,108,46,148,3,108
16,189,125,24,187,131
27,116,118,34,99,183
1,68,31,28,139,71
53,172,32,132,59,26
170,79,19,178,17,157
30,76,175,33,60,66
84,139,95,120,85,87
111,38,199,174,135,46
10,39,88,44,97,177
158,86,57,185,165,166
21,119,38,40,97,99
31,118,139,44,88,59
74,132,66,144,0,175
119,188,71,157,102,85
133,33,179,190,162,153
4,100,20,8,8,84
2,17,5,3,9,9
32,117,47,145,64,73
35,84,133,133,189,187
32,2,192,43,94,92
29,112,140,129,147,52
23,35,87,47,7,171
68,8,26,113,185,142
51,200,124,93,28,101
61,142,195,189,156,65
123,144,196,154,136,119
72,169,54,129,51,88
89,182,179,145,36,56
25,116,125,37,142,71
38,110,50,93,62,90
41,67,189,50,69,65
2,19,139,170,176,98
55,126,169,121,129,171
11,14,191,28,155,33
14,77,145,69,184,198
90,114,10,116,14,56
0,58,191,1,200,156
107,39,39,111,51,92
27,180,184,118,28,196
82,36,40,99,117,47
12,27,7,32,65,182
18,116,47,185,132,43
29,195,112,199,53,132
7,154,116,22,7,195
37,144,93,87,165,200
50,60,168,145,19,91
63,98,97,179,168,64
2,7,57,66,144,127
20,135,28,27,181,100
1,97,158,23,178,67
55,87,105,71,105,58
130,43,59,131,189,102
15,142,65,18,3,142
14,41,81,67,130,141
24,178,40,82,12,128
28,112,67,175,63,59
15,145,160,67,138,75
49,55,99,114,62,155
121,168,65,188,41,40
63,116,10,121,60,82
11,146,94,44,109,119
15,117,133,78,93,37
58,8,73,123,146,107
98,132,187,134,163,2
180,71,93,200,119,86
20,158,170,57,130,145
7,129,143,16,75,70
60,56,9,124,50,130
138,109,142,187,113,92
53,147,86,116,190,94
41,79,87,179,102,25
42,52,160,106,59,191
73,46,178,175,192,172
42,184,182,49,148,34
55,13,100,112,2,73
1,168,28,62,32,186
6,194,152,117,119,186
63,65,102,74,20,93
26,101,196,118,1,89
43,104,20,53,92,133
3,130,198,54,182,75
59,112,181,80,131,9
25,172,11,73,38,133
11,8,174,76,143,152
2,145,116,26,114,164
88,124,104,89,115,29
5,73,24,189,49,12
113,178,109,189,186,62
13,77,102,106,142,77
121,89,42,156,181,192
15,155,145,29,2,132
3,9,9,4,159,107
145,64,73,180,175,13
133,189,187,172,156,184
37,142,71,43,131,189
28,155,33,32,148,20
1,200,156,49,43,167
111,51,92,172,169,36
4,159,107,11,76,48
43,131,189,75,126,7
11,76,48,17,198,71
17,198,71,25,196,158
25,196,158,159,83,200
7,52,112,19,86,32
6,30,25,7,52,112
1,19,37,27,53,16
0,160,108,11,79,127
42,117,184,100,65,112
50,161,56,102,16,142
2,14,60,25,134,70
172,194,141,198,104,174
91,37,62,130,191,59
75,84,32,139,52,198
2,84,21,80,193,75
42,8,104,61,10,170
77,140,168,165,35,164
50,26,106,88,68,77
0,97,129,14,180,55
155,15,12,176,79,182
12,34,172,78,78,50
15,120,130,186,72,94
136,36,162,182,96,35
103,94,167,190,49,89
60,91,118,154,108,178
1,102,171,119,51,116
41,75,200,54,71,51
21,97,9,85,192,167
7,132,180,9,130,21
79,161,155,123,112,176
63,49,148,94,31,27
12,160,156,36,66,197
53,103,116,54,98,65
5,23,86,6,30,25
47,62,67,155,10,179
28,121,25,40,193,100
50,156,19,143,3,154
37,101,56,48,55,29
76,35,157,154,101,114
29,95,127,40,140,100
118,72,25,127,96,69
5,119,15,117,188,55
63,103,107,171,134,28
173,194,157,198,40,195
106,39,42,164,132,162
18,160,65,133,39,10
0,49,176,18,180,145
29,95,127,42,117,184
118,72,25,119,198,140
5,119,15,50,161,56
63,103,107,177,54,122
173,194,157,185,20,88
106,39,42,125,109,112
18,160,65,189,86,169
54,179,112,113,149,52
58,81,180,65,197,30
73,106,143,85,35,124
0,49,176,2,14,60
123,75,16,172,194,141
0,135,109,91,37,62
22,38,169,75,84,32
0,47,120,2,84,21
22,147,75,42,8,104
1,172,29,77,140,168
47,47,73,50,26,106
38,103,126,166,66,129
82,62,142,112,57,79
58,80,32,95,106,191
27,13,34,52,149,85
112,17,48,164,118,124
96,4,181,181,170,162
35,110,90,70,16,34
1,75,77,29,155,186
12,18,57,29,82,85
10,160,162,62,197,67
32,166,193,124,35,94
118,17,137,128,140,13
26,182,121,68,195,142
5,53,197,24,70,33
64,113,139,155,15,12
81,1,195,82,19,92
5,119,15,12,34,172
0,49,176,15,120,130
123,75,16,136,36,162
93,98,76,103,94,167
0,135,109,60,91,118
0,47,120,1,102,171
22,147,75,41,75,200
1,172,29,21,97,9
96,19,165,130,96,62
38,103,126,41,43,200
82,62,142,160,182,44
27,13,34,58,152,163
112,17,48,188,37,134
35,110,90,62,105,98
66,17,76,133,197,86
1,75,77,7,132,180
31,139,69,156,126,52
58,33,125,79,161,155
30,110,98,63,49,148
10,160,162,12,160,156
32,166,193,105,195,159
154,196,7,156,50,31
87,24,40,95,127,76
68,140,194,151,116,111
26,182,121,121,169,109
5,53,197,116,64,123
138,128,68,197,126,142
95,148,186,155,58,134
40,139,144,108,129,102
166,192,128,172,80,5
137,54,102,147,9,100
88,183,169,144,132,10
22,33,99,75,45,13
27,51,112,58,128,80
16,189,125,70,54,180
27,116,118,53,103,116
1,68,31,52,0,70
53,172,32,130,11,62
30,76,175,109,187,48
10,39,88,49,70,31
21,119,38,43,182,93
31,118,139,110,85,176
172,100,92,182,170,27
74,132,66,94,5,62
119,188,71,149,29,26
4,100,20,5,23,86
46,52,146,47,62,67
29,152,187,55,131,84
19,157,171,113,11,174
23,46,105,28,121,25
32,191,125,167,89,146
17,79,142,143,199,166
2,17,5,50,156,19
32,117,47,138,162,164
35,84,133,58,194,19
95,156,127,162,83,189
58,146,121,85,77,62
69,27,196,70,104,191
152,100,140,199,18,155
97,32,154,161,142,186
32,2,192,48,15,144
29,112,140,131,179,162
82,7,18,118,26,176
23,35,87,37,101,56
68,8,26,168,3,50
51,200,124,76,35,157
2,19,139,10,187,170
55,126,169,104,120,197
75,14,187,89,51,186
57,77,92,101,124,102
11,14,191,43,8,133
14,77,145,182,50,72
90,114,10,92,24,12
5,188,188,6,145,63
21,123,200,50,174,88
13,156,144,57,105,196
125,82,57,160,145,135
107,85,159,136,25,198
147,15,125,196,172,103
6,125,191,92,46,12
