64,113,139,64,156
64,113,139,64,70
64,113,139,64,170
64,113,139,64,16
64,113,139,64,70
64,113,139,64,101
64,113,139,64,27
181,128,129,181,137
181,128,129,181,1
181,128,129,181,172
181,128,129,181,67
181,128,129,181,108
181,128,129,181,143
181,128,129,181,16
147,45,118,147,87
147,45,118,147,196
147,45,118,147,129
147,45,118,147,70
81,1,195,81,120
81,1,195,81,169
81,1,195,81,46
81,1,195,81,192
75,191,192,75,179
75,191,192,75,133
75,191,192,75,35
75,191,192,75,111
133,197,18,133,51
133,197,18,133,45
133,197,18,133,47
133,197,18,133,49
133,197,18,133,88
171,8,190,171,173
171,8,190,171,125
171,8,190,171,135
171,8,190,171,62
171,8,190,171,186
157,148,100,157,159
157,148,100,157,163
157,148,100,157,2
157,148,100,157,73
29,95,127,29,122
29,95,127,29,49
29,95,127,29,46
29,95,127,29,29
29,95,127,29,77
29,95,127,29,62
29,95,127,29,169
29,95,127,29,145
29,95,127,29,163
118,72,25,118,149
118,72,25,118,43
118,72,25,118,169
118,72,25,118,180
118,72,25,118,79
118,72,25,118,17
118,72,25,118,114
118,72,25,118,158
156,73,158,156,51
156,73,158,156,167
156,73,158,156,83
156,73,158,156,64
135,41,71,135,66
135,41,71,135,28
135,41,71,135,106
135,41,71,135,166
135,41,71,135,16
135,41,71,135,101
135,41,71,135,4
135,41,71,135,65
156,61,151,156,51
156,61,151,156,167
156,61,151,156,83
156,61,151,156,64
5,119,15,5,66
5,119,15,5,83
5,119,15,5,113
5,119,15,5,193
63,103,107,63,166
173,194,157,173,182
173,194,157,173,157
173,194,157,173,9
173,194,157,173,161
173,194,157,173,29
106,39,42,106,50
106,39,42,106,23
106,39,42,106,190
106,39,42,106,38
106,39,42,106,84
106,39,42,106,21
18,160,65,18,16
18,160,65,18,85
18,160,65,18,68
200,90,118,200,120
200,90,118,200,45
200,90,118,200,34
200,90,118,200,141
200,90,118,200,96
200,90,118,200,9
200,90,118,200,28
189,174,125,189,34
189,174,125,189,82
54,179,112,54,153
54,179,112,54,149
54,179,112,54,123
54,179,112,54,148
54,179,112,54,89
58,81,180,58,160
58,81,180,58,31
58,81,180,58,64
58,81,180,58,149
145,170,1,145,88
145,170,1,145,131
145,170,1,145,33
145,170,1,145,37
145,170,1,145,55
145,170,1,145,146
145,170,1,145,54
90,197,96,90,195
90,197,96,90,95
90,197,96,90,24
90,197,96,90,123
90,197,96,90,63
90,197,96,90,171
195,168,43,195,93
195,168,43,195,134
195,168,43,195,85
155,178,30,155,145
155,178,30,155,109
167,152,22,167,45
167,152,22,167,116
167,152,22,167,115
73,106,143,73,172
73,106,143,73,13
73,106,143,73,46
73,106,143,73,34
73,106,143,73,70
93,161,193,93,179
93,161,193,93,28
93,161,193,93,26
93,161,193,93,176
128,106,198,128,159
128,106,198,128,196
128,106,198,128,102
176,55,181,176,10
176,55,181,176,85
176,55,181,176,40
176,55,181,176,155
176,55,181,176,97
176,55,181,176,37
176,55,181,176,24
176,55,181,176,124
176,55,181,176,153
92,189,109,92,127
92,189,109,92,42
92,189,109,92,58
22,148,27,22,28
22,148,27,22,11
22,148,27,22,138
22,148,27,22,171
97,183,184,97,155
97,183,184,97,152
97,183,184,97,9
97,183,184,97,93
97,183,184,97,104
28,191,12,28,23
28,191,12,28,16
28,191,12,28,71
28,191,12,28,23
28,191,12,28,72
35,191,65,35,81
35,191,65,35,155
35,191,65,35,47
35,191,65,35,132
132,79,34,132,1
132,79,34,132,46
132,79,34,132,4
132,79,34,132,122
132,79,34,132,194
132,79,34,132,17
132,79,34,132,142
185,180,86,185,78
185,180,86,185,22
185,180,86,185,116
185,180,86,185,139
185,180,86,185,163
185,180,86,185,30
185,180,86,185,43
185,180,86,185,100
185,180,86,185,197
88,51,188,88,150
88,51,188,88,189
88,51,188,88,129
88,51,188,88,93
88,51,188,88,117
88,51,188,88,104
63,178,107,63,166
53,165,73,53,194
53,165,73,53,173
53,165,73,53,118
53,165,73,53,173
53,165,73,53,43
53,165,73,53,0
59,30,179,59,101
59,30,179,59,172
59,30,179,59,8
59,30,179,59,49
59,30,179,59,139
59,30,179,59,132
137,172,169,137,14
137,172,169,137,84
137,172,169,137,62
137,172,169,137,102
137,172,169,137,165
108,133,197,108,155
108,133,197,108,45
108,133,197,108,8
72,17,68,72,9
72,17,68,72,60
72,17,68,72,61
72,17,68,72,129
72,17,68,72,72
72,17,68,72,148
89,150,164,89,5
89,150,164,89,81
89,150,164,89,199
89,150,164,89,119
89,150,164,89,48
89,150,164,89,164
89,150,164,89,94
89,150,164,89,92
89,150,164,89,118
89,150,164,89,59
89,150,164,89,113
43,50,186,43,46
43,50,186,43,172
43,50,186,43,137
157,142,126,157,159
157,142,126,157,163
157,142,126,157,2
157,142,126,157,73
80,44,14,80,131
80,44,14,80,111
80,44,14,80,15
80,44,14,80,153
80,44,14,80,20
80,44,14,80,41
80,44,14,80,153
80,44,14,80,45
49,183,98,49,70
49,183,98,49,23
49,183,98,49,14
49,183,98,49,123
49,183,98,49,29
49,183,98,49,0
134,22,36,134,195
134,22,36,134,152
134,22,36,134,64
158,59,28,158,41
158,59,28,158,15
158,59,28,158,150
187,182,186,187,198
187,182,186,187,157
113,148,55,113,75
113,148,55,113,73
113,148,55,113,97
113,148,55,113,193
113,148,55,113,32
113,148,55,113,34
113,148,55,113,182
113,148,55,113,112
150,179,197,150,181
150,179,197,150,67
150,179,197,150,200
150,179,197,150,95
150,179,197,150,140
52,95,135,52,42
52,95,135,52,8
52,95,135,52,94
52,95,135,52,167
52,95,135,52,176
32,40,61,32,155
32,40,61,32,148
32,40,61,32,162
32,40,61,32,147
32,40,61,32,192
32,40,61,32,133
40,121,93,40,185
40,121,93,40,100
40,121,93,40,37
40,121,93,40,54
200,96,35,200,120
200,96,35,200,45
200,96,35,200,34
200,96,35,200,141
200,96,35,200,96
200,96,35,200,9
200,96,35,200,28
60,197,31,60,169
60,197,31,60,152
60,197,31,60,70
60,197,31,60,172
123,42,72,123,8
123,42,72,123,189
123,42,72,123,143
199,190,133,199,82
199,190,133,199,63
199,190,133,199,155
91,133,44,91,147
91,133,44,91,47
91,133,44,91,14
91,133,44,91,54
91,133,44,91,113
91,133,44,91,190
91,133,44,91,182
91,133,44,91,6
91,133,44,91,129
50,86,98,50,7
50,86,98,50,47
50,86,98,50,136
50,86,98,50,25
50,86,98,50,51
50,86,98,50,31
50,86,98,50,158
50,86,98,50,156
50,86,98,50,21
50,86,98,50,177
50,86,98,50,130
117,26,107,117,200
117,26,107,117,121
117,26,107,117,193
117,26,107,117,174
117,26,107,117,28
117,26,107,117,28
20,128,42,20,156
20,128,42,20,31
20,128,42,20,30
126,88,124,126,52
126,88,124,126,55
126,88,124,126,180
126,88,124,126,171
126,88,124,126,186
126,88,124,126,160
126,88,124,126,169
167,67,124,167,45
167,67,124,167,116
167,67,124,167,115
19,179,50,19,151
19,179,50,19,79
19,179,50,19,63
19,179,50,19,107
19,179,50,19,198
19,179,50,19,113
188,165,200,188,189
188,165,200,188,28
188,165,200,188,135
188,165,200,188,42
83,9,66,83,142
83,9,66,83,85
83,9,66,83,175
83,9,66,83,28
61,165,21,61,35
61,165,21,61,125
61,165,21,61,72
61,165,21,61,127
61,165,21,61,122
61,165,21,61,32
61,165,21,61,136
54,104,72,54,153
54,104,72,54,149
54,104,72,54,123
54,104,72,54,148
54,104,72,54,89
59,21,128,59,101
59,21,128,59,172
59,21,128,59,8
59,21,128,59,49
59,21,128,59,139
59,21,128,59,132
50,36,179,50,7
50,36,179,50,47
50,36,179,50,136
50,36,179,50,25
50,36,179,50,51
50,36,179,50,31
50,36,179,50,158
50,36,179,50,156
50,36,179,50,21
50,36,179,50,177
50,36,179,50,130
89,199,148,89,5
89,199,148,89,81
89,199,148,89,199
89,199,148,89,119
89,199,148,89,48
89,199,148,89,164
89,199,148,89,94
89,199,148,89,92
89,199,148,89,118
89,199,148,89,59
89,199,148,89,113
108,125,95,108,155
108,125,95,108,45
108,125,95,108,8
155,106,47,155,145
155,106,47,155,109
123,0,96,123,8
123,0,96,123,189
123,0,96,123,143
159,173,81,159,139
159,173,81,159,57
129,185,13,129,110
129,185,13,129,125
129,185,13,129,121
129,185,13,129,31
129,185,13,129,32
129,185,13,129,179
129,185,13,129,195
129,185,13,129,63
129,185,13,129,195
19,102,41,19,151
19,102,41,19,79
19,102,41,19,63
19,102,41,19,107
19,102,41,19,198
19,102,41,19,113
66,58,80,66,195
66,58,80,66,7
66,58,80,66,135
66,58,80,66,138
66,58,80,66,128
66,58,80,66,18
66,58,80,66,101
126,32,62,126,52
126,32,62,126,55
126,32,62,126,180
126,32,62,126,171
126,32,62,126,186
126,32,62,126,160
126,32,62,126,169
33,81,178,33,91
33,81,178,33,154
33,81,178,33,102
33,81,178,33,197
33,81,178,33,107
156,139,129,156,51
156,139,129,156,167
156,139,129,156,83
156,139,129,156,64
160,112,115,160,144
160,112,115,160,77
160,112,115,160,163
160,112,115,160,164
160,112,115,160,89
160,112,115,160,51
160,112,115,160,144
160,112,115,160,90
160,112,115,160,41
160,112,115,160,51
177,77,63,177,189
177,77,63,177,133
177,77,63,177,19
177,77,63,177,94
0,49,176,0,99
0,49,176,0,83
0,49,176,0,75
123,75,16,123,8
123,75,16,123,189
123,75,16,123,143
93,98,76,93,179
93,98,76,93,28
93,98,76,93,26
93,98,76,93,176
0,135,109,0,99
0,135,109,0,83
0,135,109,0,75
155,105,156,155,145
155,105,156,155,109
22,38,169,22,28
22,38,169,22,11
22,38,169,22,138
22,38,169,22,171
189,67,160,189,34
189,67,160,189,82
131,119,150,131,108
131,119,150,131,62
131,119,150,131,138
131,119,150,131,124
131,119,150,131,9
95,113,133,95,106
95,113,133,95,129
95,113,133,95,125
95,113,133,95,57
47,175,20,47,24
47,175,20,47,89
47,175,20,47,121
47,175,20,47,109
10,61,132,10,11
10,61,132,10,23
10,61,132,10,107
10,61,132,10,26
10,61,132,10,49
130,35,39,130,70
130,35,39,130,134
130,35,39,130,158
130,35,39,130,111
130,35,39,130,68
130,35,39,130,73
130,35,39,130,54
15,42,154,15,136
15,42,154,15,13
15,42,154,15,13
15,42,154,15,165
15,42,154,15,107
15,42,154,15,138
137,74,99,137,14
137,74,99,137,84
137,74,99,137,62
137,74,99,137,102
137,74,99,137,165
161,147,14,161,116
161,147,14,161,187
161,147,14,161,176
161,147,14,161,8
161,147,14,161,179
79,39,28,79,140
79,39,28,79,107
79,39,28,79,61
79,39,28,79,38
79,39,28,79,3
79,39,28,79,61
79,39,28,79,73
82,71,52,82,89
82,71,52,82,166
82,71,52,82,111
82,71,52,82,86
82,71,52,82,2
96,197,174,96,11
96,197,174,96,83
96,197,174,96,43
96,197,174,96,103
96,197,174,96,65
96,197,174,96,158
189,0,70,189,34
189,0,70,189,82
15,185,85,15,136
15,185,85,15,13
15,185,85,15,13
15,185,85,15,165
15,185,85,15,107
15,185,85,15,138
197,139,121,197,160
197,139,121,197,164
197,139,121,197,171
197,139,121,197,115
104,84,88,104,51
104,84,88,104,50
104,84,88,104,31
104,84,88,104,5
104,84,88,104,155
104,84,88,104,159
104,84,88,104,79
104,84,88,104,189
104,84,88,104,40
19,177,22,19,151
19,177,22,19,79
19,177,22,19,63
19,177,22,19,107
19,177,22,19,198
19,177,22,19,113
137,184,96,137,14
137,184,96,137,84
137,184,96,137,62
137,184,96,137,102
137,184,96,137,165
103,164,156,103,34
103,164,156,103,56
103,164,156,103,165
103,164,156,103,7
103,164,156,103,34
12,93,143,12,30
12,93,143,12,11
12,93,143,12,137
12,93,143,12,21
12,93,143,12,168
12,93,143,12,57
153,197,167,153,2
153,197,167,153,186
153,197,167,153,19
79,160,133,79,140
79,160,133,79,107
79,160,133,79,61
79,160,133,79,38
79,160,133,79,3
79,160,133,79,61
79,160,133,79,73
87,116,61,87,58
87,116,61,87,151
87,116,61,87,132
87,116,61,87,185
87,116,61,87,73
87,116,61,87,6
87,116,61,87,73
178,171,197,178,131
178,171,197,178,162
156,188,119,156,51
156,188,119,156,167
156,188,119,156,83
156,188,119,156,64
33,77,61,33,91
33,77,61,33,154
33,77,61,33,102
33,77,61,33,197
33,77,61,33,107
51,179,129,51,143
51,179,129,51,23
51,179,129,51,26
51,179,129,51,30
51,179,129,51,48
130,21,200,130,70
130,21,200,130,134
130,21,200,130,158
130,21,200,130,111
130,21,200,130,68
130,21,200,130,73
130,21,200,130,54
114,91,134,114,144
114,91,134,114,173
114,91,134,114,190
114,91,134,114,162
7,8,67,7,2
7,8,67,7,121
7,8,67,7,161
7,8,67,7,159
7,8,67,7,100
7,8,67,7,70
150,79,84,150,181
150,79,84,150,67
150,79,84,150,200
150,79,84,150,95
150,79,84,150,140
193,19,12,193,169
193,19,12,193,79
193,19,12,193,116
163,69,81,163,63
163,69,81,163,123
163,69,81,163,152
163,69,81,163,195
163,69,81,163,4
33,115,152,33,91
33,115,152,33,154
33,115,152,33,102
33,115,152,33,197
33,115,152,33,107
193,8,15,193,169
193,8,15,193,79
193,8,15,193,116
43,23,154,43,46
43,23,154,43,172
43,23,154,43,137
167,163,127,167,45
167,163,127,167,116
167,163,127,167,115
157,45,134,157,159
157,45,134,157,163
157,45,134,157,2
157,45,134,157,73
59,157,16,59,101
59,157,16,59,172
59,157,16,59,8
59,157,16,59,49
59,157,16,59,139
59,157,16,59,132
199,120,90,199,82
199,120,90,199,63
199,120,90,199,155
27,195,61,27,11
27,195,61,27,26
27,195,61,27,88
27,195,61,27,36
27,195,61,27,174
107,47,16,107,169
107,47,16,107,131
107,47,16,107,67
107,47,16,107,124
107,47,16,107,200
107,47,16,107,27
107,47,16,107,89
73,68,26,73,172
73,68,26,73,13
73,68,26,73,46
73,68,26,73,34
73,68,26,73,70
133,142,152,133,51
133,142,152,133,45
133,142,152,133,47
133,142,152,133,49
133,142,152,133,88
156,198,52,156,51
156,198,52,156,167
156,198,52,156,83
156,198,52,156,64
57,101,28,57,46
57,101,28,57,92
57,101,28,57,51
57,101,28,57,81
57,101,28,57,153
53,60,46,53,194
53,60,46,53,173
53,60,46,53,118
53,60,46,53,173
53,60,46,53,43
53,60,46,53,0
124,40,77,124,39
124,40,77,124,166
124,40,77,124,41
124,40,77,124,175
124,40,77,124,75
110,47,13,110,160
110,47,13,110,144
110,47,13,110,20
110,47,13,110,147
110,47,13,110,81
123,76,174,123,8
123,76,174,123,189
123,76,174,123,143
27,95,163,27,11
27,95,163,27,26
27,95,163,27,88
27,95,163,27,36
27,95,163,27,174
71,133,44,71,87
71,133,44,71,85
50,98,158,50,7
50,98,158,50,47
50,98,158,50,136
50,98,158,50,25
50,98,158,50,51
50,98,158,50,31
50,98,158,50,158
50,98,158,50,156
50,98,158,50,21
50,98,158,50,177
50,98,158,50,130
168,161,147,168,172
168,161,147,168,81
168,161,147,168,125
168,161,147,168,103
168,161,147,168,11
58,66,22,58,160
58,66,22,58,31
58,66,22,58,64
58,66,22,58,149
163,133,113,163,63
163,133,113,163,123
163,133,113,163,152
163,133,113,163,195
163,133,113,163,4
59,107,199,59,101
59,107,199,59,172
59,107,199,59,8
59,107,199,59,49
59,107,199,59,139
59,107,199,59,132
130,131,168,130,70
130,131,168,130,134
130,131,168,130,158
130,131,168,130,111
130,131,168,130,68
130,131,168,130,73
130,131,168,130,54
67,91,10,67,71
67,91,10,67,135
67,91,10,67,75
67,91,10,67,148
94,121,99,94,77
94,121,99,94,50
94,121,99,94,40
94,121,99,94,159
199,123,91,199,82
199,123,91,199,63
199,123,91,199,155
135,121,50,135,66
135,121,50,135,28
135,121,50,135,106
135,121,50,135,166
135,121,50,135,16
135,121,50,135,101
135,121,50,135,4
135,121,50,135,65
194,125,193,194,64
194,125,193,194,31
194,125,193,194,11
194,125,193,194,7
194,125,193,194,179
194,125,193,194,44
194,125,193,194,136
37,27,114,37,21
37,27,114,37,16
37,27,114,37,169
37,27,114,37,14
129,62,44,129,110
129,62,44,129,125
129,62,44,129,121
129,62,44,129,31
129,62,44,129,32
129,62,44,129,179
129,62,44,129,195
129,62,44,129,63
129,62,44,129,195
199,162,135,199,82
199,162,135,199,63
199,162,135,199,155
58,165,183,58,160
58,165,183,58,31
58,165,183,58,64
58,165,183,58,149
171,62,164,171,173
171,62,164,171,125
171,62,164,171,135
171,62,164,171,62
171,62,164,171,186
35,146,103,35,81
35,146,103,35,155
35,146,103,35,47
35,146,103,35,132
173,190,151,173,182
173,190,151,173,157
173,190,151,173,9
173,190,151,173,161
173,190,151,173,29
9,75,114,9,42
9,75,114,9,181
9,75,114,9,150
9,75,114,9,140
9,75,114,9,125
9,75,114,9,98
9,75,114,9,200
9,75,114,9,173
164,90,107,164,10
164,90,107,164,47
164,90,107,164,197
164,90,107,164,54
164,90,107,164,139
104,141,152,104,51
104,141,152,104,50
104,141,152,104,31
104,141,152,104,5
104,141,152,104,155
104,141,152,104,159
104,141,152,104,79
104,141,152,104,189
104,141,152,104,40
172,196,200,172,178
172,196,200,172,93
172,196,200,172,181
172,196,200,172,186
108,82,19,108,155
108,82,19,108,45
108,82,19,108,8
0,47,120,0,99
0,47,120,0,83
0,47,120,0,75
96,72,166,96,11
96,72,166,96,83
96,72,166,96,43
96,72,166,96,103
96,72,166,96,65
96,72,166,96,158
102,22,152,102,152
102,22,152,102,25
102,22,152,102,101
102,22,152,102,39
102,22,152,102,78
188,99,157,188,189
188,99,157,188,28
188,99,157,188,135
188,99,157,188,42
150,85,108,150,181
150,85,108,150,67
150,85,108,150,200
150,85,108,150,95
150,85,108,150,140
174,64,160,174,143
174,64,160,174,21
174,64,160,174,42
174,64,160,174,115
174,64,160,174,134
174,64,160,174,118
81,176,17,81,120
81,176,17,81,169
81,176,17,81,46
81,176,17,81,192
105,159,36,105,137
139,77,58,139,76
139,77,58,139,61
139,77,58,139,186
139,77,58,139,190
139,77,58,139,63
139,77,58,139,151
139,77,58,139,63
168,143,117,168,172
168,143,117,168,81
168,143,117,168,125
168,143,117,168,103
168,143,117,168,11
158,102,169,158,41
158,102,169,158,15
158,102,169,158,150
136,26,44,136,69
136,26,44,136,126
136,26,44,136,134
136,26,44,136,78
136,26,44,136,96
136,26,44,136,155
112,5,75,112,99
112,5,75,112,139
112,5,75,112,163
112,5,75,112,89
112,5,75,112,18
112,5,75,112,176
112,5,75,112,45
112,5,75,112,10
112,5,75,112,91
22,147,75,22,28
22,147,75,22,11
22,147,75,22,138
22,147,75,22,171
87,140,196,87,58
87,140,196,87,151
87,140,196,87,132
87,140,196,87,185
87,140,196,87,73
87,140,196,87,6
87,140,196,87,73
84,101,57,84,45
174,36,23,174,143
174,36,23,174,21
174,36,23,174,42
174,36,23,174,115
174,36,23,174,134
174,36,23,174,118
192,0,29,192,77
192,0,29,192,32
192,0,29,192,166
192,0,29,192,58
192,0,29,192,64
192,0,29,192,46
192,0,29,192,138
192,0,29,192,85
192,0,29,192,163
192,0,29,192,87
192,0,29,192,5
191,143,145,191,168
191,143,145,191,96
191,143,145,191,27
191,143,145,191,141
191,143,145,191,81
1,172,29,1,138
1,172,29,1,147
1,172,29,1,12
1,172,29,1,25
1,172,29,1,74
1,172,29,1,115
1,172,29,1,6
96,19,165,96,11
96,19,165,96,83
96,19,165,96,43
96,19,165,96,103
96,19,165,96,65
96,19,165,96,158
59,125,72,59,101
59,125,72,59,172
59,125,72,59,8
59,125,72,59,49
59,125,72,59,139
59,125,72,59,132
165,191,44,165,58
165,191,44,165,68
165,191,44,165,178
47,47,73,47,24
47,47,73,47,89
47,47,73,47,121
47,47,73,47,109
187,148,67,187,198
187,148,67,187,157
176,100,58,176,10
176,100,58,176,85
176,100,58,176,40
176,100,58,176,155
176,100,58,176,97
176,100,58,176,37
176,100,58,176,24
176,100,58,176,124
176,100,58,176,153
38,103,126,38,183
38,103,126,38,197
38,103,126,38,10
82,62,142,82,89
82,62,142,82,166
82,62,142,82,111
82,62,142,82,86
82,62,142,82,2
58,80,32,58,160
58,80,32,58,31
58,80,32,58,64
58,80,32,58,149
181,107,173,181,137
181,107,173,181,1
181,107,173,181,172
181,107,173,181,67
181,107,173,181,108
181,107,173,181,143
181,107,173,181,16
27,13,34,27,11
27,13,34,27,26
27,13,34,27,88
27,13,34,27,36
27,13,34,27,174
112,17,48,112,99
112,17,48,112,139
112,17,48,112,163
112,17,48,112,89
112,17,48,112,18
112,17,48,112,176
112,17,48,112,45
112,17,48,112,10
112,17,48,112,91
96,4,181,96,11
96,4,181,96,83
96,4,181,96,43
96,4,181,96,103
96,4,181,96,65
96,4,181,96,158
35,110,90,35,81
35,110,90,35,155
35,110,90,35,47
35,110,90,35,132
197,5,124,197,160
197,5,124,197,164
197,5,124,197,171
197,5,124,197,115
197,56,113,197,160
197,56,113,197,164
197,56,113,197,171
197,56,113,197,115
66,17,76,66,195
66,17,76,66,7
66,17,76,66,135
66,17,76,66,138
66,17,76,66,128
66,17,76,66,18
66,17,76,66,101
1,75,77,1,138
1,75,77,1,147
1,75,77,1,12
1,75,77,1,25
1,75,77,1,74
1,75,77,1,115
1,75,77,1,6
187,144,192,187,198
187,144,192,187,157
31,139,69,31,171
31,139,69,31,25
58,33,125,58,160
58,33,125,58,31
58,33,125,58,64
58,33,125,58,149
134,170,143,134,195
134,170,143,134,152
134,170,143,134,64
146,151,55,146,62
146,151,55,146,181
146,151,55,146,133
146,151,55,146,21
146,151,55,146,143
146,151,55,146,9
30,110,98,30,116
30,110,98,30,18
113,121,149,113,75
113,121,149,113,73
113,121,149,113,97
113,121,149,113,193
113,121,149,113,32
113,121,149,113,34
113,121,149,113,182
113,121,149,113,112
150,178,176,150,181
150,178,176,150,67
150,178,176,150,200
150,178,176,150,95
150,178,176,150,140
79,120,127,79,140
79,120,127,79,107
79,120,127,79,61
79,120,127,79,38
79,120,127,79,3
79,120,127,79,61
79,120,127,79,73
163,153,191,163,63
163,153,191,163,123
163,153,191,163,152
163,153,191,163,195
163,153,191,163,4
87,134,189,87,58
87,134,189,87,151
87,134,189,87,132
87,134,189,87,185
87,134,189,87,73
87,134,189,87,6
87,134,189,87,73
172,100,35,172,178
172,100,35,172,93
172,100,35,172,181
172,100,35,172,186
60,10,29,60,169
60,10,29,60,152
60,10,29,60,70
60,10,29,60,172
12,18,57,12,30
12,18,57,12,11
12,18,57,12,137
12,18,57,12,21
12,18,57,12,168
12,18,57,12,57
10,160,162,10,11
10,160,162,10,23
10,160,162,10,107
10,160,162,10,26
10,160,162,10,49
32,166,193,32,155
32,166,193,32,148
32,166,193,32,162
32,166,193,32,147
32,166,193,32,192
32,166,193,32,133
154,196,7,154,63
154,196,7,154,93
154,196,7,154,87
154,196,7,154,88
154,196,7,154,178
156,13,34,156,51
156,13,34,156,167
156,13,34,156,83
156,13,34,156,64
118,17,137,118,149
118,17,137,118,43
118,17,137,118,169
118,17,137,118,180
118,17,137,118,79
118,17,137,118,17
118,17,137,118,114
118,17,137,118,158
87,24,40,87,58
87,24,40,87,151
87,24,40,87,132
87,24,40,87,185
87,24,40,87,73
87,24,40,87,6
87,24,40,87,73
68,140,194,68,10
68,140,194,68,34
68,140,194,68,145
68,140,194,68,28
68,140,194,68,56
26,182,121,26,38
26,182,121,26,190
123,60,92,123,8
123,60,92,123,189
123,60,92,123,143
5,53,197,5,66
5,53,197,5,83
5,53,197,5,113
5,53,197,5,193
138,128,68,138,41
138,128,68,138,26
138,128,68,138,166
138,128,68,138,28
138,128,68,138,55
95,148,186,95,106
95,148,186,95,129
95,148,186,95,125
95,148,186,95,57
40,139,144,40,185
40,139,144,40,100
40,139,144,40,37
40,139,144,40,54
166,192,128,166,45
166,192,128,166,76
166,192,128,166,117
166,192,128,166,162
166,192,128,166,34
137,54,102,137,14
137,54,102,137,84
137,54,102,137,62
137,54,102,137,102
137,54,102,137,165
88,183,169,88,150
88,183,169,88,189
88,183,169,88,129
88,183,169,88,93
88,183,169,88,117
88,183,169,88,104
161,77,189,161,116
161,77,189,161,187
161,77,189,161,176
161,77,189,161,8
161,77,189,161,179
130,0,7,130,70
130,0,7,130,134
130,0,7,130,158
130,0,7,130,111
130,0,7,130,68
130,0,7,130,73
130,0,7,130,54
22,33,99,22,28
22,33,99,22,11
22,33,99,22,138
22,33,99,22,171
112,108,46,112,99
112,108,46,112,139
112,108,46,112,163
112,108,46,112,89
112,108,46,112,18
112,108,46,112,176
112,108,46,112,45
112,108,46,112,10
112,108,46,112,91
146,150,169,146,62
146,150,169,146,181
146,150,169,146,133
146,150,169,146,21
146,150,169,146,143
146,150,169,146,9
108,148,137,108,155
108,148,137,108,45
108,148,137,108,8
140,187,76,140,0
140,187,76,140,59
140,187,76,140,72
140,187,76,140,187
140,187,76,140,175
64,30,176,64,156
64,30,176,64,70
64,30,176,64,170
64,30,176,64,16
64,30,176,64,70
64,30,176,64,101
64,30,176,64,27
138,108,120,138,41
138,108,120,138,26
138,108,120,138,166
138,108,120,138,28
138,108,120,138,55
27,51,112,27,11
27,51,112,27,26
27,51,112,27,88
27,51,112,27,36
27,51,112,27,174
16,189,125,16,170
16,189,125,16,63
16,189,125,16,70
16,189,125,16,106
16,189,125,16,15
27,116,118,27,11
27,116,118,27,26
27,116,118,27,88
27,116,118,27,36
27,116,118,27,174
1,68,31,1,138
1,68,31,1,147
1,68,31,1,12
1,68,31,1,25
1,68,31,1,74
1,68,31,1,115
1,68,31,1,6
160,163,186,160,144
160,163,186,160,77
160,163,186,160,163
160,163,186,160,164
160,163,186,160,89
160,163,186,160,51
160,163,186,160,144
160,163,186,160,90
160,163,186,160,41
160,163,186,160,51
53,172,32,53,194
53,172,32,53,173
53,172,32,53,118
53,172,32,53,173
53,172,32,53,43
53,172,32,53,0
170,79,19,170,64
170,79,19,170,35
170,79,19,170,143
170,79,19,170,160
170,79,19,170,22
170,79,19,170,10
170,79,19,170,32
170,79,19,170,65
170,79,19,170,170
170,79,19,170,45
131,28,184,131,108
131,28,184,131,62
131,28,184,131,138
131,28,184,131,124
131,28,184,131,9
187,82,24,187,198
187,82,24,187,157
30,76,175,30,116
30,76,175,30,18
173,107,171,173,182
173,107,171,173,157
173,107,171,173,9
173,107,171,173,161
173,107,171,173,29
84,139,95,84,45
111,38,199,111,141
111,38,199,111,170
111,38,199,111,40
111,38,199,111,110
111,38,199,111,0
84,36,45,84,45
72,158,39,72,9
72,158,39,72,60
72,158,39,72,61
72,158,39,72,129
72,158,39,72,72
72,158,39,72,148
174,135,83,174,143
174,135,83,174,21
174,135,83,174,42
174,135,83,174,115
174,135,83,174,134
174,135,83,174,118
195,146,52,195,93
195,146,52,195,134
195,146,52,195,85
10,39,88,10,11
10,39,88,10,23
10,39,88,10,107
10,39,88,10,26
10,39,88,10,49
158,86,57,158,41
158,86,57,158,15
158,86,57,158,150
103,74,82,103,34
103,74,82,103,56
103,74,82,103,165
103,74,82,103,7
103,74,82,103,34
80,102,108,80,131
80,102,108,80,111
80,102,108,80,15
80,102,108,80,153
80,102,108,80,20
80,102,108,80,41
80,102,108,80,153
80,102,108,80,45
21,119,38,21,197
21,119,38,21,193
21,119,38,21,101
21,119,38,21,85
21,119,38,21,70
21,119,38,21,140
21,119,38,21,114
21,119,38,21,123
21,119,38,21,30
31,118,139,31,171
31,118,139,31,25
194,42,169,194,64
194,42,169,194,31
194,42,169,194,11
194,42,169,194,7
194,42,169,194,179
194,42,169,194,44
194,42,169,194,136
172,100,92,172,178
172,100,92,172,93
172,100,92,172,181
172,100,92,172,186
199,164,176,199,82
199,164,176,199,63
199,164,176,199,155
180,165,141,180,169
180,165,141,180,174
180,165,141,180,25
180,165,141,180,64
74,132,66,74,198
74,132,66,74,1
74,132,66,74,63
74,132,66,74,41
74,132,66,74,161
74,132,66,74,78
119,188,71,119,70
119,188,71,119,184
119,188,71,119,148
133,33,179,133,51
133,33,179,133,45
133,33,179,133,47
133,33,179,133,49
133,33,179,133,88
78,65,98,78,70
78,65,98,78,198
78,65,98,78,136
78,65,98,78,82
78,65,98,78,187
78,65,98,78,59
162,4,38,162,174
162,4,38,162,49
51,46,190,51,143
51,46,190,51,23
51,46,190,51,26
51,46,190,51,30
51,46,190,51,48
67,128,43,67,71
67,128,43,67,135
67,128,43,67,