1,19,37,1,12,12,143,196
21,123,200,21,30,30,63,101
12,34,172,12,57,57,24,130
139,77,58,139,61,61,58,36
89,30,36,89,199,199,47,127
104,141,152,104,31,31,179,29
132,120,150,132,194,194,46,24
3,130,198,3,1,1,172,99
34,99,183,34,91,91,95,88
28,112,67,28,16,16,47,20
131,119,150,131,124,124,140,35
137,74,99,137,62,62,6,71
175,123,74,175,140,140,137,156
75,30,100,75,133,133,198,150
181,128,129,181,1,1,137,22
9,130,21,9,150,150,7,172
200,109,43,200,120,120,143,167
182,96,35,182,177,177,191,108
177,55,182,177,189,189,59,25
106,142,77,106,50,50,162,11
77,87,58,77,114,114,100,122
200,14,117,200,96,96,193,17
160,145,135,160,51,51,41,83
168,143,117,168,11,11,72,44
170,79,19,170,170,170,183,108
51,46,190,51,48,48,165,127
141,43,115,141,154,154,161,145
34,99,183,34,99,99,109,63
147,45,118,147,87,87,182,72
60,10,29,60,169,169,153,136
29,95,127,29,77,77,52,90
139,77,58,139,76,76,74,157
89,30,36,89,199,199,164,105
156,0,64,156,64,64,117,86
88,124,104,88,150,150,47,27
103,74,82,103,56,56,60,35
32,117,47,32,192,192,177,23
50,86,98,50,177,177,69,173
22,7,195,22,171,171,75,175
175,123,74,175,53,53,7,47
103,74,82,103,56,56,181,164
144,21,44,144,34,34,60,50
185,87,54,185,116,116,142,51
31,129,119,31,171,171,3,183
186,72,94,186,58,58,85,177
45,53,180,45,140,140,20,3
161,147,14,161,187,187,53,174
89,115,29,89,164,164,32,182
182,96,35,182,177,177,188,92
129,147,52,129,32,32,100,97
170,79,19,170,170,170,188,187
29,95,127,29,49,49,176,90
53,55,171,53,118,118,158,174
113,149,52,113,32,32,90,191
161,147,14,161,187,187,58,101
59,146,182,59,132,132,28,137
93,83,115,93,176,176,68,163
136,26,44,136,126,126,72,140
107,47,16,107,131,131,77,150
69,27,196,69,174,174,60,184
21,123,200,21,30,30,69,147
83,9,66,83,142,142,5,96
74,20,93,74,63,63,129,102
111,23,33,111,141,141,192,83
101,135,141,101,173,173,87,111
91,33,74,91,190,190,144,14
37,144,93,37,169,169,104,3
176,55,181,176,85,85,191,30
176,55,181,176,37,37,131,162
126,7,14,126,186,186,11,117
88,124,104,88,93,93,165,107
129,43,104,129,179,179,67,176
82,12,128,82,2,2,146,136
18,116,47,18,68,68,194,18
160,145,135,160,41,41,124,27
74,20,93,74,78,78,47,30
176,79,182,176,153,153,37,150
139,52,198,139,63,63,174,160
3,130,198,3,157,157,171,97
181,43,34,181,143,143,162,112
124,50,130,124,175,175,166,29
170,79,19,170,35,35,82,137
34,99,183,34,99,99,72,100
26,117,107,26,38,38,18,16
161,147,14,161,187,187,115,189
8,8,84,8,5,5,63,9
139,102,54,139,190,190,184,110
199,18,155,199,82,82,79,109
50,60,168,50,51,51,59,193
6,30,25,6,77,77,90,91
160,145,135,160,144,144,100,51
27,53,16,27,36,36,24,21
32,65,182,32,162,162,77,169
49,148,34,49,123,123,87,187
7,8,67,7,121,121,185,58
45,53,180,45,44,44,199,111
173,109,200,173,9,9,133,8
13,19,111,13,107,107,179,153
172,80,5,172,181,181,149,186
20,128,42,20,31,31,12,177
141,43,115,141,50,50,82,79
66,17,76,66,128,128,110,17
57,130,182,57,46,46,92,36
119,51,116,119,184,184,197,173
141,43,115,141,154,154,85,77
182,96,35,182,115,115,140,5
108,129,102,108,8,8,5,5
29,26,18,29,163,163,26,173
69,27,196,69,183,183,153,191
118,130,154,118,169,169,176,75
182,96,35,182,177,177,139,139
152,18,176,152,54,54,7,131
15,20,156,15,165,165,4,122
165,34,86,165,68,68,89,164
175,63,59,175,165,165,74,79
164,90,107,164,10,10,55,168
15,20,156,15,165,165,192,74
195,149,127,195,134,134,144,54
50,26,106,50,156,156,142,9
104,84,88,104,40,40,190,157
135,84,127,135,66,66,101,103
87,134,189,87,58,58,50,100
186,72,94,186,58,58,80,28
66,17,76,66,128,128,59,55
3,130,198,3,16,16,185,170
45,53,180,45,44,44,160,40
198,65,62,198,87,87,32,184
170,79,19,170,65,65,194,63
188,99,157,188,42,42,31,11
183,22,42,183,57,57,88,14
85,35,124,85,51,51,145,188
135,132,78,135,166,166,13,54
76,143,152,76,178,178,114,73
27,53,16,27,36,36,165,117
200,119,86,200,34,34,138,11
21,119,38,21,101,101,65,110
182,96,35,182,177,177,179,91
132,79,34,132,4,4,37,110
102,132,136,102,39,39,112,105
137,99,22,137,14,14,26,13
101,72,185,101,113,113,150,174
182,96,35,182,110,110,68,60
173,109,200,173,9,9,167,116
54,71,51,54,148,148,191,75
87,134,189,87,58,58,72,110
66,115,131,66,7,7,125,169
36,48,131,36,24,24,96,9
174,64,160,174,118,118,66,5
163,69,81,163,195,195,44,152
85,35,124,85,40,40,99,134
192,0,29,192,85,85,42,32
66,17,76,66,128,128,131,89
164,132,162,164,54,54,95,63
62,126,169,62,180,180,191,141
93,98,76,93,28,28,189,94
89,47,179,89,5,5,122,195
43,104,20,43,172,172,171,168
126,128,74,126,55,55,69,196
80,131,9,80,41,41,120,130
66,17,76,66,128,128,103,111
29,2,132,29,122,122,156,101
139,77,58,139,151,151,144,86
105,106,154,105,137,137,50,68
183,22,42,183,59,59,128,128
82,7,18,82,86,86,125,95
99,117,47,99,26,26,194,21
127,96,69,127,113,113,33,33
18,116,47,18,68,68,66,172
61,142,195,61,122,122,33,80
47,47,73,47,109,109,146,141
127,96,69,127,164,164,136,178
179,73,19,179,17,17,65,55
176,79,182,176,153,153,69,113
160,78,125,160,163,163,35,152
15,20,156,15,165,165,41,34
102,16,142,102,78,78,126,40
3,130,198,3,157,157,62,169
135,132,78,135,106,106,38,51
89,47,179,89,119,119,147,152
149,29,26,149,191,191,9,36
89,30,36,89,92,92,176,119
185,20,88,185,78,78,84,11
154,136,119,154,63,63,22,190
113,148,55,113,75,75,138,191
170,79,19,170,35,35,176,64
176,55,181,176,37,37,125,176
141,43,115,141,50,50,97,139
41,67,189,41,99,99,112,82
9,75,114,9,42,42,7,127
112,57,79,112,91,91,196,129
62,126,169,62,180,180,7,197
186,72,94,186,58,58,188,197
6,125,191,6,182,182,91,24
185,87,54,185,116,116,140,111
45,53,180,45,88,88,93,151
118,72,25,118,43,43,109,111
174,135,83,174,134,134,48,149
119,51,116,119,184,184,30,2
91,133,44,91,182,182,150,151
62,32,186,62,130,130,135,84
136,26,44,136,126,126,94,21
9,75,114,9,42,42,106,25
182,96,35,182,172,172,141,191
125,108,74,125,50,50,141,3
77,87,58,77,114,114,4,117
19,86,32,19,107,107,4,41
112,5,75,112,45,45,162,113
0,58,191,0,75,75,82,67
161,142,186,161,8,8,58,120
92,24,12,92,58,58,175,2
72,27,4,72,9,9,181,109
26,117,107,26,38,38,44,139
88,51,188,88,104,104,186,125
12,80,128,12,168,168,151,192
101,72,185,101,129,129,134,151
198,65,62,198,93,93,59,65
95,113,133,95,129,129,72,24
52,133,135,52,176,176,70,177
166,83,147,166,117,117,177,29
179,102,25,179,148,148,194,143
90,114,10,90,171,171,172,114
151,116,111,151,14,14,6,5
172,80,5,172,181,181,173,29
136,26,44,136,96,96,77,1
9,130,21,9,200,200,41,66
1,19,37,1,115,115,34,56
8,8,84,8,5,5,24,44
74,132,66,74,161,161,7,128
12,18,57,12,137,137,44,99
126,128,74,126,55,55,150,175
2,14,60,2,168,168,16,73
79,120,127,79,61,61,107,45
89,30,36,89,92,92,38,18
196,122,1,196,67,67,58,115
175,123,74,175,184,184,83,69
127,96,69,127,113,113,85,124
157,148,100,157,73,73,130,164
21,123,200,21,114,114,32,26
100,123,198,100,180,180,200,51
21,123,200,21,193,193,135,149
176,79,182,176,155,155,77,55
18,116,47,18,68,68,88,159
195,149,127,195,134,134,188,40
45,53,180,45,44,44,69,37
139,102,54,139,63,63,113,151
164,90,107,164,10,10,131,37
149,29,26,149,151,151,129,100
166,83,147,166,117,117,105,183
125,108,74,125,50,50,24,38
29,95,127,29,49,49,116,131
172,80,5,172,181,181,21,139
27,13,34,27,88,88,62,85
53,147,86,53,173,173,89,60
13,19,111,13,24,24,9,175
67,147,80,67,135,135,166,15
182,50,72,182,52,52,122,144
147,147,111,147,196,196,110,11
29,26,18,29,163,163,188,109
117,26,95,117,200,200,38,117
49,70,31,49,29,29,125,51
91,33,74,91,190,190,117,129
17,79,142,17,105,105,43,36
128,106,198,128,196,196,20,119
159,3,105,159,139,139,101,151
31,129,119,31,171,171,37,110
21,119,38,21,197,197,21,200
118,72,25,118,149,149,171,101
100,123,198,100,26,26,186,63
15,20,156,15,165,165,80,90
200,14,117,200,96,96,161,149
85,35,124,85,40,40,70,183
83,122,108,83,175,175,155,105
68,140,194,68,34,34,49,87
139,77,58,139,151,151,199,11
112,57,79,112,91,91,164,173
127,96,69,127,164,164,79,111
50,86,98,50,25,25,34,136
82,7,18,82,86,86,42,119
12,80,128,12,30,30,103,50
67,130,141,67,71,71,111,81
32,117,47,32,148,148,183,190
101,135,141,101,173,173,134,78
111,42,1,111,40,40,90,131
87,24,40,87,185,185,85,1
182,50,72,182,14,14,134,77
29,95,127,29,49,49,105,36
159,3,105,159,139,139,100,125
82,12,128,82,2,2,127,121
89,47,179,89,5,5,184,40
139,102,54,139,186,186,14,151
107,85,159,107,169,169,30,184
152,18,176,152,54,54,163,166
197,5,124,197,164,164,76,43
95,13,184,95,57,57,65,97
13,19,111,13,24,24,43,13
58,19,181,58,149,149,152,192
159,3,105,159,139,139,29,197
67,147,80,67,135,135,19,59
45,53,180,45,140,140,158,153
40,139,144,40,37,37,195,169
64,30,176,64,70,70,75,147
135,84,127,135,101,101,24,28
165,34,86,165,178,178,199,186
6,125,191,6,68,68,69,62
47,47,73,47,109,109,137,171
192,0,29,192,32,32,138,178
170,79,19,170,35,35,3,30
124,56,185,124,166,166,13,152
102,132,136,102,39,39,45,162
76,143,152,76,188,188,178,105
183,22,42,183,57,57,0,83
196,122,1,196,100,100,150,167
83,122,108,83,175,175,65,72
108,129,102,108,8,8,185,81
83,122,108,83,175,175,130,182
126,7,14,126,186,186,53,45
88,124,104,88,93,93,146,184
137,74,99,137,62,62,53,130
103,74,82,103,56,56,23,125
130,42,33,130,68,68,185,163
21,123,200,21,30,30,180,150
110,47,13,110,20,20,200,163
91,65,114,91,6,6,52,34
132,129,139,132,142,142,164,58
174,64,160,174,21,21,51,78
69,27,196,69,183,183,98,184
66,17,76,66,128,128,47,186
61,142,195,61,136,136,154,115
71,105,58,71,87,87,103,69
43,104,20,43,172,172,88,9
89,30,36,89,48,48,4,102
41,67,189,41,99,99,200,74
166,83,147,166,117,117,183,104
53,147,86,53,173,173,186,46
156,0,64,156,64,64,29,162
3,130,198,3,187,187,129,145
111,23,33,111,170,170,59,9
136,26,44,136,96,96,146,152
137,35,132,137,84,84,30,130
76,143,152,76,188,188,39,30
53,147,86,53,0,0,81,12
124,40,77,124,39,39,181,100
110,47,13,110,20,20,143,114
75,14,187,75,35,35,16,61
116,57,87,116,154,154,29,95
174,18,117,174,143,143,23,24
152,18,176,152,54,54,13,81
198,65,62,198,57,57,102,167
37,27,114,37,21,21,66,54
126,7,14,126,186,186,86,80
139,102,54,139,186,186,39,116
35,146,103,35,81,81,110,132
8,8,84,8,5,5,67,146
5,73,24,5,193,193,157,187
114,62,155,114,190,190,88,58
129,62,44,129,195,195,134,195
40,140,100,40,185,185,8,103
19,86,32,19,107,107,193,50
8,8,84,8,96,96,3,29
101,72,185,101,129,129,154,45
78,65,98,78,198,198,66,132
19,86,32,19,63,63,38,195
146,149,174,146,143,143,111,78
66,17,76,66,128,128,51,136
164,132,162,164,139,139,124,44
1,19,37,1,12,12,150,80
145,105,144,145,146,146,74,12
18,116,47,18,68,68,91,141
19,102,41,19,79,79,175,83
182,96,35,182,115,115,128,151
177,77,63,177,19,19,192,127
137,35,132,137,84,84,110,147
170,79,19,170,35,35,154,189
176,79,182,176,97,97,150,171
185,87,54,185,139,139,179,4
176,55,181,176,40,40,89,184
112,5,75,112,89,89,52,115
108,117,5,108,155,155,138,130
76,143,152,76,27,27,147,58
174,64,160,174,118,118,78,188
50,60,168,50,21,21,89,180
196,122,1,196,100,100,125,150
198,65,62,198,140,140,198,24
18,116,47,18,85,85,29,162
91,37,62,91,54,54,63,1
69,27,196,69,75,75,155,23
3,130,198,3,16,16,97,133
52,149,85,52,94,94,167,69
52,149,85,52,167,167,44,102
35,146,103,35,47,47,33,81
58,19,181,58,149,149,43,98
27,95,163,27,11,11,33,26
59,146,182,59,132,132,156,115
3,130,198,3,1,1,63,191
31,129,119,31,171,171,140,160
176,79,182,176,97,97,33,192
82,7,18,82,86,86,180,110
136,36,162,136,69,69,39,72
102,132,136,102,152,152,51,62
50,69,65,50,136,136,7,155
91,133,44,91,182,182,199,10
114,62,155,114,190,190,109,45
129,62,44,129,195,195,103,35
76,143,152,76,145,145,107,6
197,139,121,197,160,160,157,193
1,19,37,1,12,12,136,56
74,132,66,74,161,161,87,134
168,33,75,168,81,81,55,78
89,47,179,89,94,94,52,193
113,149,52,113,112,112,24,118
2,14,60,2,158,158,137,67
129,43,104,129,179,179,24,37
69,33,198,69,59,59,180,38
118,72,25,118,149,149,152,9
185,87,54,185,116,116,190,154
80,131,9,80,41,41,28,63
132,120,150,132,194,194,65,164
91,65,114,91,6,6,123,179
173,107,171,173,29,29,34,194
45,53,180,45,44,44,105,140
149,29,26,149,191,191,17,1
49,148,34,49,123,123,44,133
145,105,144,145,55,55,114,6
36,48,131,36,24,24,106,122
156,138,194,156,83,83,174,183
161,147,14,161,187,187,24,151
47,47,73,47,109,109,93,78
113,149,52,113,73,73,172,190
104,120,197,104,50,50,7,113
197,5,124,197,164,164,106,180
76,143,152,76,178,178,39,112
88,124,104,88,93,93,117,23
117,26,95,117,200,200,94,34
77,87,58,77,114,114,0,31
37,27,114,37,16,16,97,53
159,3,105,159,139,139,121,81
6,125,191,6,39,39,130,137
12,80,128,12,168,168,78,155
149,29,26,149,191,191,77,24
2,14,60,2,158,158,104,55
28,112,67,28,72,72,158,155
182,96,35,182,177,177,175,61
103,143,131,103,34,34,94,152
90,114,10,90,195,195,45,25
130,43,59,130,111,111,174,125
113,149,52,113,112,112,112,31
48,111,54,48,127,127,121,106
34,99,183,34,91,91,66,61
74,20,93,74,1,1,63,43
32,117,47,32,148,148,36,129
101,135,141,101,173,173,181,164
47,47,73,47,109,109,88,44
82,7,18,82,86,86,199,101
143,24,26,143,104,104,71,145
32,117,47,32,192,192,109,32
52,149,85,52,94,94,88,86
16,115,98,16,106,106,152,147
125,108,74,125,50,50,20,13
174,64,160,174,21,21,192,34
106,142,77,106,50,50,25,145
139,102,54,139,190,190,47,108
179,73,19,179,148,148,85,170
66,17,76,66,128,128,182,190
109,0,24,109,19,19,37,112
76,143,152,76,27,27,128,50
179,73,19,179,184,184,19,59
95,13,184,95,57,57,79,26
144,21,44,144,19,19,37,195
130,35,39,130,70,70,191,51
52,149,85,52,8,8,150,95
77,87,58,77,114,114,123,23
95,13,184,95,57,57,200,147
3,130,198,3,121,121,55,196
124,56,185,124,75,75,127,168
139,77,58,139,61,61,143,160
3,130,198,3,1,1,87,173
80,131,9,80,41,41,40,170
132,129,139,132,142,142,176,38
1,75,77,1,74,74,186,39
91,65,114,91,6,6,165,32
168,143,117,168,11,11,28,108
64,30,176,64,101,101,179,85
80,44,14,80,15,15,35,9
18,116,47,18,68,68,23,177
146,149,174,146,133,133,26,91
80,131,9,80,111,111,109,97
85,35,124,85,51,51,109,163
172,80,5,172,181,181,164,123
41,75,200,41,145,145,169,158
152,102,135,152,180,180,19,105
75,14,187,75,35,35,155,147
139,77,58,139,61,61,155,173
52,133,135,52,176,176,54,83
137,74,99,137,62,62,106,156
21,123,200,21,193,193,179,137
48,111,54,48,127,127,168,95
128,140,13,128,159,159,15,184
89,30,36,89,48,48,158,110
15,20,156,15,165,165,85,10
37,27,114,37,16,16,80,165
1,19,37,1,115,115,85,25
36,48,131,36,174,174,38,34
122,75,194,122,54,54,123,11
75,105,125,75,179,179,65,122
21,119,38,21,197,197,125,118
32,65,182,32,162,162,56,116
11,76,48,11,89,89,154,196
47,47,73,47,109,109,9,164
197,139,121,197,160,160,51,191
107,47,16,107,200,200,151,13
101,72,185,101,66,66,12,1
95,13,184,95,57,57,175,116
32,40,61,32,155,155,47,166
196,122,1,196,67,67,95,66
124,40,77,124,39,39,57,157
18,116,47,18,68,68,10,57
152,18,176,152,54,54,125,0
108,117,5,108,155,155,92,161
136,12,133,136,134,134,54,199
149,29,26,149,191,191,167,25
185,20,88,185,78,78,22,52
133,104,148,133,45,45,142,116
37,27,114,37,21,21,30,166
174,64,160,174,21,21,161,52
183,22,42,183,59,59,169,150
77,87,58,77,89,89,66,152
54,71,51,54,123,123,170,144
176,79,182,176,153,153,87,134
21,119,38,21,197,197,60,139
3,130,198,3,187,187,39,85
72,27,4,72,60,60,191,94
76,143,152,76,188,188,29,120
62,32,186,62,130,130,76,118
170,79,19,170,45,45,45,94
99,22,161,99,160,160,152,45
89,30,36,89,48,48,149,80
130,43,59,130,111,111,46,98
8,8,84,8,96,96,169,82
126,128,74,126,55,55,110,118
28,121,25,28,23,23,175,163
19,86,32,19,107,107,22,79
137,35,132,137,84,84,170,177
165,34,86,165,178,178,140,90
125,109,112,125,115,115,172,44
52,149,85,52,8,8,12,145
89,47,179,89,119,119,75,5
157,102,85,157,163,163,90,120
137,35,132,137,84,84,148,161
89,30,36,89,48,48,117,90
116,57,87,116,154,154,137,185
185,88,3,185,43,43,132,164
17,79,142,17,105,105,101,179
183,22,42,183,57,57,95,145
118,72,25,118,43,43,104,56
166,83,147,166,76,76,85,22
101,135,141,101,173,173,94,10
77,87,58,77,89,89,103,172
89,47,179,89,94,94,92,73
131,119,150,131,124,124,99,28
137,35,132,137,84,84,61,178
133,142,152,133,49,49,160,168
128,140,13,128,159,159,186,49
76,143,152,76,188,188,12,168
159,125,120,159,57,57,143,53
74,20,93,74,198,198,52,124
12,93,143,12,11,11,4,70
79,120,127,79,61,61,162,49
66,17,76,66,128,128,86,128
3,130,198,3,157,157,108,30
124,40,77,124,39,39,24,52
69,27,196,69,174,174,122,42
170,59,103,170,10,10,128,170
29,26,18,29,163,163,191,191
113,149,52,113,73,73,55,4
52,149,85,52,8,8,7,151
95,13,184,95,57,57,116,117
25,116,125,25,122,122,25,31
113,149,52,113,182,182,88,186
149,29,26,149,151,151,27,11
128,140,13,128,102,102,7,181
101,72,185,101,55,55,186,172
102,22,152,102,25,25,189,176
61,96,9,61,72,72,187,59
62,32,186,62,130,130,65,2
124,40,77,124,39,39,81,136
119,51,116,119,184,184,164,50
61,10,170,61,125,125,77,46
107,47,16,107,200,200,172,122
21,123,200,21,30,30,134,156
185,20,88,185,78,78,48,191
12,80,128,12,30,30,29,55
26,117,107,26,38,38,19,91
8,8,84,8,5,5,117,149
56,129,102,56,167,167,187,158
21,123,200,21,30,30,27,94
89,30,36,89,48,48,148,73
116,57,87,116,154,154,189,114
185,20,88,185,78,78,109,164
172,100,35,172,178,178,2,82
200,109,43,200,120,120,197,79
157,148,100,157,73,73,7,190
40,121,93,40,54,54,186,169
73,132,60,73,70,70,51,22
94,31,27,94,77,77,82,168
90,114,10,90,195,195,129,174
69,27,196,69,183,183,150,156
52,133,135,52,176,176,132,77
113,148,55,113,75,75,196,54
89,30,36,89,199,199,79,70
88,51,188,88,104,104,32,24
37,101,56,37,14,14,22,117
62,32,186,62,130,130,19,120
89,30,36,89,92,92,37,175
103,143,131,103,34,34,68,113
73,38,133,73,13,13,5,9
200,119,86,200,34,34,131,36
158,59,28,158,15,15,54,120
53,147,86,53,173,173,126,135
69,33,198,69,59,59,34,92
91,65,114,91,6,6,181,104
29,26,18,29,163,163,176,93
111,23,33,111,141,141,155,60
24,70,33,24,136,136,36,18
174,135,83,174,134,134,41,50
108,148,137,108,45,45,152,191
129,43,104,129,179,179,172,49
74,132,66,74,161,161,153,10
157,148,100,157,73,73,174,21
103,143,131,103,34,34,15,49
135,132,78,135,106,106,13,121
75,105,125,75,179,179,143,19
27,95,163,27,11,11,166,60
174,64,160,174,21,21,171,97
91,65,114,91,6,6,194,47
38,136,5,38,197,197,14,62
100,123,198,100,180,180,72,55
53,55,171,53,118,118,41,39
80,131,9,80,131,131,67,93
113,149,52,113,112,112,191,1
99,22,161,99,160,160,148,98
130,35,39,130,70,70,104,196
7,52,112,7,2,2,200,44
101,72,185,101,129,129,181,86
90,114,10,90,95,95,191,158
103,74,82,103,56,56,50,56
32,117,47,32,192,192,182,109
101,72,185,101,129,129,87,107
151,116,111,151,119,119,185,47
9,75,114,9,42,42,8,153
137,99,22,137,14,14,167,118
52,149,85,52,94,94,172,25
139,102,54,139,63,63,81,108
137,74,99,137,62,62,181,46
103,74,82,103,7,7,96,15
74,20,93,74,198,198,4,117
136,26,44,136,126,126,185,195
1,75,77,1,74,74,33,95
80,44,14,80,15,15,79,76
20,135,28,20,156,156,193,12
156,0,64,156,64,64,162,24
136,26,44,136,126,126,60,70
67,130,141,67,71,71,158,9
105,106,154,105,137,137,194,151
182,50,72,182,52,52,179,161
152,18,176,152,0,0,2,185
99,22,161,99,160,160,197,40
71,105,58,71,87,87,0,0
157,29,132,157,2,2,101,191
192,0,29,192,32,32,20,161
76,143,152,76,188,188,19,95
118,72,25,118,158,158,117,155
192,0,29,192,32,32,54,122
186,72,94,186,58,58,146,15
108,117,5,108,155,155,48,71
96,66,200,96,103,103,98,59
176,55,181,176,37,37,20,40
174,135,83,174,134,134,68,40
160,145,135,160,90,90,142,45
76,143,152,76,27,27,129,85
66,17,76,66,128,128,100,183
192,0,29,192,32,32,180,138
126,128,74,126,55,55,22,81
198,65,62,198,93,93,129,51
136,26,44,136,96,96,176,111
56,129,102,56,68,68,23,119
24,70,33,24,137,137,96,114
29,2,132,29,122,122,68,155
27,53,16,27,36,36,190,147
61,142,195,61,136,136,9,135
111,23,33,111,170,170,114,140
163,69,81,163,195,195,188,128
121,83,109,121,117,117,72,70
98,132,187,98,35,35,176,177
137,54,102,137,102,102,116,1
172,100,35,172,178,178,74,187
170,79,19,170,35,35,177,164
174,135,83,174,134,134,74,187
57,101,28,57,92,92,141,76
77,87,58,77,114,114,108,84
100,65,112,100,175,175,179,158
52,149,85,52,94,94,150,112
185,88,3,185,43,43,22,68
145,105,144,145,146,146,63,141
160,78,125,160,163,163,22,165
131,119,150,131,124,124,114,44
72,27,4,72,72,72,5,133
89,30,36,89,92,92,185,59
68,94,56,68,56,56,85,195
88,124,104,88,150,150,13,100
132,79,34,132,4,4,156,156
157,102,85,157,159,159,26,183
182,96,35,182,172,172,60,178
152,18,176,152,0,0,177,195
149,29,26,149,96,96,126,147
50,60,168,50,47,47,119,136
9,130,21,9,150,150,128,33
166,83,147,166,162,162,47,198
119,98,133,119,148,148,192,54
196,122,1,196,67,67,154,113
13,19,111,13,145,145,55,29
177,55,182,177,189,189,71,169
199,18,155,199,82,82,37,34
3,130,198,3,44,44,75,141
89,47,179,89,59,59,11,43
141,43,115,141,154,154,128,195
61,142,195,61,127,127,137,141
76,143,152,76,188,188,16,172
124,40,77,124,41,41,100,170
53,147,86,53,0,0,162,46
172,100,35,172,178,178,67,160
9,75,114,9,42,42,37,60
108,148,137,108,45,45,53,14
91,33,74,91,190,190,185,200
130,35,39,130,70,70,121,183
196,122,1,196,138,138,163,195
29,26,18,29,163,163,67,137
112,17,48,112,139,139,11,53
93,28,101,93,179,179,6,15
76,143,152,76,27,27,165,15
160,145,135,160,144,144,24,19
168,143,117,168,11,11,35,110
87,116,61,87,73,73,85,160
80,131,9,80,41,41,49,113
157,102,85,157,163,163,57,88
37,27,114,37,16,16,193,73
188,99,157,188,135,135,156,52
6,125,191,6,172,172,33,8
2,14,60,2,158,158,97,81
111,42,1,111,40,40,126,171
182,96,35,182,177,177,27,143
3,130,198,3,157,157,132,121
71,105,58,71,87,87,188,40
160,145,135,160,90,90,75,158
198,65,62,198,95,95,166,41
29,2,132,29,122,122,66,199
77,87,58,77,114,114,61,61
79,120,127,79,61,61,60,118
36,48,131,36,174,174,19,5
2,14,60,2,184,184,45,19
89,30,36,89,92,92,124,103
160,78,125,160,163,163,68,14
111,23,33,111,170,170,97,102
136,26,44,136,96,96,68,186
3,130,198,3,44,44,68,171
13,19,111,13,84,84,55,96
183,22,42,183,57,57,169,198
89,30,36,89,199,199,166,74
121,60,82,121,25,25,156,96
183,22,42,183,59,59,168,199
9,75,114,9,140,140,101,99
128,140,13,128,102,102,3,34
51,46,190,51,48,48,190,148
174,64,160,174,21,21,83,77
113,149,52,113,73,73,142,196
32,65,182,32,162,162,193,101
101,72,185,101,66,66,166,126
121,83,109,121,117,117,121,145
174,135,83,174,134,134,182,55
59,146,182,59,132,132,126,147
130,35,39,130,70,70,118,188
17,79,142,17,105,105,164,159
43,104,20,43,137,137,1,3
117,98,113,117,121,121,28,96
29,95,127,29,49,49,81,125
35,146,103,35,47,47,49,56
17,79,142,17,105,105,166,52
27,53,16,27,36,36,128,28
45,53,180,45,44,44,39,136
